/* DESCRIPTION:
Reference:	Yang, S., & Ding, Z. (2014). A 249 kyr stack of eight loess grain size records from northern China documenting millennial‐scale climate variability. Geochemistry, Geophysics, Geosystems, 15(3), 798-814, https://doi.org/10.1002/2013GC005113
Data from:	https://doi.org/10.1002/2013GC005113. Accessed 22 Nov 2022.
Comment:	Data was not modified in any way.
*/
Age [ka]	Grain Size
0	0.01812
0.2	0.01946
0.4	0.01389
0.6	0.02727
0.8	0.04047
1	0.05063
1.2	0.06238
1.4	0.06988
1.6	0.07417
1.8	0.07444
2	0.0883
2.2	0.08265
2.4	0.07945
2.6	0.07071
2.8	0.08959
3	0.10365
3.2	0.12194
3.4	0.11418
3.6	0.10966
3.8	0.10398
4	0.09929
4.2	0.09211
4.4	0.11945
4.6	0.13462
4.8	0.13862
5	0.18403
5.2	0.19001
5.4	0.23722
5.6	0.24946
5.8	0.24701
6	0.26193
6.2	0.28429
6.4	0.32748
6.6	0.3463
6.8	0.34618
7	0.37641
7.2	0.37801
7.4	0.40407
7.6	0.36531
7.8	0.34746
8	0.27306
8.2	0.20821
8.4	0.14838
8.6	0.07261
8.8	0.02106
9	-0.11202
9.2	-0.13957
9.4	-0.1161
9.6	-0.17115
9.8	-0.26022
10	-0.26061
10.2	-0.28069
10.4	-0.33602
10.6	-0.35595
10.8	-0.36871
11	-0.40832
11.2	-0.44552
11.4	-0.49198
11.6	-0.47754
11.8	-0.46941
12	-0.48668
12.2	-0.49836
12.4	-0.57675
12.6	-0.48379
12.8	-0.47733
13	-0.41874
13.2	-0.50748
13.4	-0.48732
13.6	-0.49757
13.8	-0.50025
14	-0.48504
14.2	-0.45632
14.4	-0.4967
14.6	-0.58062
14.8	-0.54246
15	-0.61347
15.2	-0.5871
15.4	-0.57045
15.6	-0.55101
15.8	-0.60519
16	-0.75189
16.2	-0.7031
16.4	-0.6666
16.6	-0.61873
16.8	-0.6516
17	-0.61706
17.2	-0.63323
17.4	-0.61677
17.6	-0.60494
17.8	-0.62357
18	-0.63557
18.2	-0.61858
18.4	-0.6614
18.6	-0.62791
18.8	-0.60318
19	-0.5933
19.2	-0.65203
19.4	-0.6334
19.6	-0.65384
19.8	-0.62408
20	-0.62689
20.2	-0.60264
20.4	-0.60911
20.6	-0.61652
20.8	-0.60809
21	-0.60349
21.2	-0.58052
21.4	-0.56879
21.6	-0.57619
21.8	-0.56823
22	-0.59463
22.2	-0.60872
22.4	-0.56874
22.6	-0.56474
22.8	-0.53809
23	-0.50177
23.2	-0.4605
23.4	-0.53682
23.6	-0.54699
23.8	-0.52002
24	-0.69308
24.2	-0.81199
24.4	-0.71839
24.6	-0.70414
24.8	-0.70784
25	-0.6749
25.2	-0.68765
25.4	-0.63378
25.6	-0.63594
25.8	-0.65738
26	-0.63531
26.2	-0.55998
26.4	-0.62549
26.6	-0.59688
26.8	-0.58246
27	-0.55521
27.2	-0.46939
27.4	-0.47476
27.6	-0.43689
27.8	-0.40131
28	-0.41127
28.2	-0.46376
28.4	-0.42819
28.6	-0.36909
28.8	-0.31953
29	-0.29293
29.2	-0.29979
29.4	-0.23673
29.6	-0.26074
29.8	-0.27766
30	-0.30331
30.2	-0.34111
30.4	-0.35973
30.6	-0.35258
30.8	-0.32579
31	-0.3074
31.2	-0.29479
31.4	-0.27717
31.6	-0.25818
31.8	-0.2383
32	-0.21121
32.2	-0.2205
32.4	-0.21209
32.6	-0.18975
32.8	-0.12061
33	-0.30348
33.2	-0.21959
33.4	-0.19123
33.6	-0.16305
33.8	-0.09192
34	-0.20197
34.2	-0.29046
34.4	-0.1901
34.6	-0.10082
34.8	-0.21898
35	-0.27759
35.2	-0.25415
35.4	-0.27604
35.6	-0.30716
35.8	-0.17563
36	-0.09228
36.2	-0.0173
36.4	0.02713
36.6	0.09262
36.8	0.09956
37	0.06635
37.2	0.05243
37.4	0.03111
37.6	0.02893
37.8	0.03784
38	0.01318
38.2	-0.0405
38.4	-0.07086
38.6	-0.05745
38.8	-0.10372
39	-0.13316
39.2	-0.15543
39.4	-0.14815
39.6	-0.18138
39.8	-0.07511
40	0.03949
40.2	-0.02268
40.4	-0.06276
40.6	-0.04577
40.8	-0.00598
41	0.00656
41.2	0.07965
41.4	0.05257
41.6	0.02041
41.8	-0.0068
42	-0.00928
42.2	-0.04809
42.4	0.00439
42.6	-0.02758
42.8	0.06456
43	0.1354
43.2	0.03857
43.4	-0.03637
43.6	-0.00583
43.8	-0.04993
44	-0.0612
44.2	-0.03407
44.4	0.02593
44.6	0.01287
44.8	0.03314
45	0.04232
45.2	0.04101
45.4	0.05748
45.6	0.10567
45.8	0.14277
46	0.10192
46.2	0.19592
46.4	0.17266
46.6	0.16043
46.8	0.11557
47	0.04044
47.2	-0.05216
47.4	-0.04234
47.6	-0.04812
47.8	-0.06727
48	-0.08624
48.2	-0.13444
48.4	-0.05769
48.6	0.07751
48.8	0.21894
49	0.28854
49.2	0.34557
49.4	0.40572
49.6	0.38457
49.8	0.36769
50	0.37073
50.2	0.33008
50.4	0.30035
50.6	0.26273
50.8	0.19595
51	0.22804
51.2	0.25772
51.4	0.26193
51.6	0.28969
51.8	0.31095
52	0.32174
52.2	0.31803
52.4	0.36211
52.6	0.37193
52.8	0.40707
53	0.39214
53.2	0.34488
53.4	0.33446
53.6	0.3175
53.8	0.28534
54	0.25844
54.2	0.23596
54.4	0.19951
54.6	0.16829
54.8	0.14065
55	0.10172
55.2	0.15151
55.4	0.21374
55.6	0.13151
55.8	-0.01251
56	0.0481
56.2	0.10995
56.4	0.17925
56.6	0.12936
56.8	0.07915
57	0.03241
57.2	-0.01306
57.4	-0.07061
57.6	-0.02285
57.8	0.04601
58	0.09377
58.2	-0.01249
58.4	-0.05532
58.6	-0.08887
58.8	-0.12072
59	-0.11068
59.2	-0.12214
59.4	-0.13741
59.6	-0.14967
59.8	-0.18073
60	-0.2045
60.2	-0.25758
60.4	-0.16597
60.6	-0.18217
60.8	-0.14588
61	-0.13588
61.2	-0.07911
61.4	-0.08349
61.6	-0.11872
61.8	-0.13447
62	-0.14788
62.2	-0.15882
62.4	-0.16227
62.6	-0.17634
62.8	-0.18228
63	-0.16907
63.2	-0.17306
63.4	-0.20335
63.6	-0.21142
63.8	-0.20268
64	-0.19874
64.2	-0.20102
64.4	-0.19178
64.6	-0.17373
64.8	-0.19916
65	-0.20068
65.2	-0.1915
65.4	-0.18859
65.6	-0.20267
65.8	-0.21476
66	-0.23034
66.2	-0.23668
66.4	-0.26505
66.6	-0.24505
66.8	-0.21052
67	-0.20564
67.2	-0.21295
67.4	-0.2084
67.6	-0.2207
67.8	-0.21758
68	-0.2074
68.2	-0.1904
68.4	-0.16778
68.6	-0.1746
68.8	-0.15514
69	-0.16398
69.2	-0.1791
69.4	-0.1544
69.6	-0.17203
69.8	-0.13143
70	-0.11317
70.2	-0.0902
70.4	-0.08706
70.6	-0.0553
70.8	-0.09199
71	-0.19998
71.2	-0.30108
71.4	-0.35023
71.6	-0.38593
71.8	-0.35985
72	-0.34634
72.2	-0.5242
72.4	-0.42403
72.6	-0.38127
72.8	-0.36163
73	-0.33768
73.2	-0.35119
73.4	-0.17789
73.6	-0.11788
73.8	0.06116
74	0.25599
74.2	0.3571
74.4	0.31663
74.6	0.29132
74.8	0.27693
75	0.29762
75.2	0.24815
75.4	0.21727
75.6	0.1413
75.8	0.12704
76	0.12478
76.2	0.12515
76.4	0.08991
76.6	0.04442
76.8	0.12472
77	0.16649
77.2	0.22858
77.4	0.24746
77.6	0.2657
77.8	0.30563
78	0.30942
78.2	0.32937
78.4	0.39884
78.6	0.43252
78.8	0.47882
79	0.51711
79.2	0.51453
79.4	0.57874
79.6	0.62736
79.8	0.6701
80	0.68042
80.2	0.71138
80.4	0.75148
80.6	0.78242
80.8	0.77331
81	0.76406
81.2	0.7558
81.4	0.74834
81.6	0.73896
81.8	0.72623
82	0.71526
82.2	0.70838
82.4	0.70257
82.6	0.69617
82.8	0.69598
83	0.69572
83.2	0.69545
83.4	0.68994
83.6	0.69108
83.8	0.69416
84	0.70156
84.2	0.70745
84.4	0.70598
84.6	0.6926
84.8	0.66932
85	0.63818
85.2	0.61398
85.4	0.59212
85.6	0.5707
85.8	0.5496
86	0.52956
86.2	0.50351
86.4	0.50837
86.6	0.53253
86.8	0.5336
87	0.53988
87.2	0.53179
87.4	0.52441
87.6	0.53815
87.8	0.54416
88	0.55665
88.2	0.54742
88.4	0.54813
88.6	0.54522
88.8	0.57314
89	0.52913
89.2	0.53476
89.4	0.51978
89.6	0.50662
89.8	0.47702
90	0.45783
90.2	0.4604
90.4	0.46216
90.6	0.45529
90.8	0.48701
91	0.45628
91.2	0.45118
91.4	0.45037
91.6	0.44823
91.8	0.43225
92	0.42684
92.2	0.42564
92.4	0.42756
92.6	0.42206
92.8	0.40241
93	0.38579
93.2	0.37308
93.4	0.37312
93.6	0.3459
93.8	0.31724
94	0.37887
94.2	0.38878
94.4	0.38569
94.6	0.39666
94.8	0.4066
95	0.42746
95.2	0.44973
95.4	0.45478
95.6	0.4553
95.8	0.45572
96	0.44899
96.2	0.45011
96.4	0.45669
96.6	0.45251
96.8	0.44789
97	0.4548
97.2	0.46699
97.4	0.48126
97.6	0.50394
97.8	0.48911
98	0.50197
98.2	0.5334
98.4	0.55504
98.6	0.55252
98.8	0.55051
99	0.5512
99.2	0.54246
99.4	0.55571
99.6	0.5908
99.8	0.6088
100	0.62474
100.2	0.63031
100.4	0.6264
100.6	0.62671
100.8	0.63401
101	0.66116
101.2	0.68522
101.4	0.69508
101.6	0.69528
101.8	0.73728
102	0.69772
102.2	0.68025
102.4	0.64829
102.6	0.6482
102.8	0.64191
103	0.64015
103.2	0.63554
103.4	0.65899
103.6	0.63877
103.8	0.63529
104	0.65163
104.2	0.64654
104.4	0.64843
104.6	0.64086
104.8	0.63247
105	0.60962
105.2	0.61873
105.4	0.66425
105.6	0.68692
105.8	0.68053
106	0.66006
106.2	0.69394
106.4	0.74144
106.6	0.73691
106.8	0.75256
107	0.77301
107.2	0.78241
107.4	0.81304
107.6	0.85578
107.8	0.82377
108	0.80921
108.2	0.78964
108.4	0.77959
108.6	0.7738
108.8	0.77019
109	0.74817
109.2	0.73769
109.4	0.71332
109.6	0.68462
109.8	0.68315
110	0.69468
110.2	0.68758
110.4	0.6597
110.6	0.64247
110.8	0.64135
111	0.65602
111.2	0.66774
111.4	0.67463
111.6	0.67944
111.8	0.65655
112	0.63956
112.2	0.60577
112.4	0.59008
112.6	0.57659
112.8	0.57965
113	0.56745
113.2	0.5407
113.4	0.55197
113.6	0.55782
113.8	0.5376
114	0.51727
114.2	0.5046
114.4	0.4917
114.6	0.48405
114.8	0.47107
115	0.46266
115.2	0.4441
115.4	0.43309
115.6	0.4448
115.8	0.41176
116	0.30661
116.2	0.33766
116.4	0.35154
116.6	0.36558
116.8	0.38503
117	0.39147
117.2	0.39969
117.4	0.40941
117.6	0.43816
117.8	0.45542
118	0.47487
118.2	0.50045
118.4	0.49544
118.6	0.50582
118.8	0.51424
119	0.51836
119.2	0.52267
119.4	0.53294
119.6	0.50474
119.8	0.49992
120	0.49065
120.2	0.4864
120.4	0.5048
120.6	0.49343
120.8	0.49121
121	0.49282
121.2	0.47505
121.4	0.47429
121.6	0.48308
121.8	0.4976
122	0.49602
122.2	0.49355
122.4	0.51466
122.6	0.51395
122.8	0.51306
123	0.51217
123.2	0.50412
123.4	0.51598
123.6	0.52748
123.8	0.5416
124	0.56094
124.2	0.56903
124.4	0.59578
124.6	0.61339
124.8	0.63743
125	0.64355
125.2	0.6577
125.4	0.70179
125.6	0.65548
125.8	0.61543
126	0.53171
126.2	0.43318
126.4	0.28861
126.6	0.21291
126.8	0.17781
127	0.16195
127.2	0.00244
127.4	-0.10552
127.6	-0.11184
127.8	-0.19565
128	-0.29257
128.2	-0.32057
128.4	-0.33029
128.6	-0.31549
128.8	-0.37414
129	-0.31699
129.2	-0.40157
129.4	-0.43122
129.6	-0.53869
129.8	-0.55194
130	-0.56592
130.2	-0.64442
130.4	-0.70777
130.6	-0.79143
130.8	-0.8768
131	-0.89003
131.2	-0.94987
131.4	-0.91195
131.6	-0.91153
131.8	-0.86661
132	-0.81776
132.2	-0.81593
132.4	-0.74902
132.6	-0.77106
132.8	-0.76494
133	-0.73912
133.2	-0.70876
133.4	-0.68686
133.6	-0.68089
133.8	-0.65897
134	-0.65682
134.2	-0.71205
134.4	-0.72328
134.6	-0.7594
134.8	-0.78851
135	-0.83853
135.2	-0.78717
135.4	-0.75286
135.6	-0.74853
135.8	-0.70749
136	-0.65076
136.2	-0.62931
136.4	-0.58864
136.6	-0.58146
136.8	-0.6231
137	-0.65072
137.2	-0.64911
137.4	-0.64149
137.6	-0.65169
137.8	-0.66322
138	-0.67511
138.2	-0.69259
138.4	-0.67663
138.6	-0.69643
138.8	-0.75206
139	-0.6653
139.2	-0.65733
139.4	-0.60866
139.6	-0.5885
139.8	-0.56653
140	-0.45845
140.2	-0.49722
140.4	-0.50884
140.6	-0.54215
140.8	-0.56874
141	-0.58378
141.2	-0.53747
141.4	-0.44856
141.6	-0.34239
141.8	-0.39593
142	-0.52288
142.2	-0.37923
142.4	-0.31879
142.6	-0.24524
142.8	-0.28662
143	-0.30788
143.2	-0.3454
143.4	-0.36456
143.6	-0.38849
143.8	-0.38635
144	-0.27399
144.2	-0.26575
144.4	-0.27953
144.6	-0.26348
144.8	-0.22607
145	-0.22489
145.2	-0.24724
145.4	-0.25563
145.6	-0.25886
145.8	-0.2256
146	-0.21992
146.2	-0.19487
146.4	-0.17021
146.6	-0.16556
146.8	-0.16981
147	-0.15226
147.2	-0.14384
147.4	-0.08965
147.6	-0.15505
147.8	-0.16491
148	-0.20216
148.2	-0.26443
148.4	-0.17237
148.6	-0.16972
148.8	-0.12175
149	-0.24422
149.2	-0.27153
149.4	-0.30419
149.6	-0.28155
149.8	-0.26513
150	-0.20933
150.2	-0.25927
150.4	-0.28923
150.6	-0.34334
150.8	-0.36337
151	-0.33732
151.2	-0.31504
151.4	-0.25757
151.6	-0.31872
151.8	-0.34439
152	-0.33222
152.2	-0.32042
152.4	-0.31405
152.6	-0.31857
152.8	-0.34384
153	-0.36813
153.2	-0.38832
153.4	-0.40234
153.6	-0.42461
153.8	-0.42686
154	-0.45542
154.2	-0.46977
154.4	-0.48503
154.6	-0.46699
154.8	-0.45012
155	-0.42755
155.2	-0.40931
155.4	-0.39878
155.6	-0.40104
155.8	-0.39776
156	-0.3872
156.2	-0.36712
156.4	-0.35326
156.6	-0.32682
156.8	-0.29507
157	-0.37646
157.2	-0.39349
157.4	-0.4517
157.6	-0.48318
157.8	-0.48151
158	-0.5055
158.2	-0.55623
158.4	-0.57151
158.6	-0.53035
158.8	-0.51042
159	-0.4897
159.2	-0.47444
159.4	-0.48663
159.6	-0.42836
159.8	-0.54716
160	-0.58193
160.2	-0.62836
160.4	-0.65406
160.6	-0.70266
160.8	-0.76312
161	-0.78995
161.2	-0.72818
161.4	-0.70222
161.6	-0.66826
161.8	-0.66915
162	-0.73655
162.2	-0.69922
162.4	-0.64442
162.6	-0.61985
162.8	-0.53098
163	-0.49158
163.2	-0.52691
163.4	-0.61236
163.6	-0.61649
163.8	-0.65792
164	-0.67784
164.2	-0.66629
164.4	-0.6928
164.6	-0.76078
164.8	-0.6895
165	-0.59718
165.2	-0.53205
165.4	-0.45492
165.6	-0.35857
165.8	-0.27079
166	-0.03173
166.2	-0.08143
166.4	-0.14021
166.6	-0.03643
166.8	0.05997
167	0.11164
167.2	0.1453
167.4	0.19513
167.6	0.26795
167.8	0.3217
168	0.41405
168.2	0.35807
168.4	0.31354
168.6	0.31752
168.8	0.28267
169	0.3126
169.2	0.32884
169.4	0.29015
169.6	0.33391
169.8	0.23403
170	0.3304
170.2	0.33451
170.4	0.35063
170.6	0.36911
170.8	0.4013
171	0.408
171.2	0.39662
171.4	0.41149
171.6	0.40443
171.8	0.41133
172	0.4375
172.2	0.42332
172.4	0.39403
172.6	0.38673
172.8	0.36201
173	0.34939
173.2	0.34516
173.4	0.30133
173.6	0.28157
173.8	0.26442
174	0.2095
174.2	0.21224
174.4	0.22942
174.6	0.24249
174.8	0.26551
175	0.26895
175.2	0.273
175.4	0.27673
175.6	0.24544
175.8	0.17924
176	0.17233
176.2	0.07531
176.4	0.01521
176.6	-0.04529
176.8	-0.05699
177	-0.12326
177.2	-0.14607
177.4	-0.13502
177.6	-0.13718
177.8	-0.18301
178	-0.21664
178.2	-0.26294
178.4	-0.29752
178.6	-0.31697
178.8	-0.33157
179	-0.44017
179.2	-0.39498
179.4	-0.37381
179.6	-0.37929
179.8	-0.37071
180	-0.35592
180.2	-0.35321
180.4	-0.3412
180.6	-0.31388
180.8	-0.23993
181	-0.1853
181.2	-0.27085
181.4	-0.31127
181.6	-0.36258
181.8	-0.38088
182	-0.3848
182.2	-0.38453
182.4	-0.37077
182.6	-0.37584
182.8	-0.37165
183	-0.42332
183.2	-0.38426
183.4	-0.4239
183.6	-0.42691
183.8	-0.39749
184	-0.41646
184.2	-0.39514
184.4	-0.45192
184.6	-0.49057
184.8	-0.47974
185	-0.50237
185.2	-0.51965
185.4	-0.56062
185.6	-0.61864
185.8	-0.55909
186	-0.51434
186.2	-0.4145
186.4	-0.40296
186.6	-0.4402
186.8	-0.45062
187	-0.43279
187.2	-0.40545
187.4	-0.40049
187.6	-0.33817
187.8	-0.26831
188	-0.22273
188.2	-0.2185
188.4	-0.19694
188.6	-0.15533
188.8	-0.12745
189	-0.11963
189.2	-0.07333
189.4	-0.04833
189.6	-0.06581
189.8	-0.09245
190	-0.15929
190.2	-0.1727
190.4	-0.16448
190.6	-0.14282
190.8	-0.17794
191	-0.19296
191.2	-0.16383
191.4	-0.18267
191.6	-0.15257
191.8	-0.15113
192	-0.16247
192.2	-0.14727
192.4	-0.1014
192.6	-0.1269
192.8	-0.11114
193	-0.09703
193.2	-0.07717
193.4	-0.04013
193.6	-0.01734
193.8	-0.01072
194	0.02541
194.2	0.07411
194.4	0.07127
194.6	0.12869
194.8	0.26959
195	0.25219
195.2	0.54027
195.4	0.65738
195.6	0.68946
195.8	0.72847
196	0.70724
196.2	0.68601
196.4	0.66478
196.6	0.64754
196.8	0.63657
197	0.62788
197.2	0.6235
197.4	0.62773
197.6	0.6346
197.8	0.6379
198	0.63842
198.2	0.63809
198.4	0.63776
198.6	0.63565
198.8	0.62469
199	0.61374
199.2	0.60322
199.4	0.60008
199.6	0.60084
199.8	0.60061
200	0.60037
200.2	0.60253
200.4	0.60468
200.6	0.6101
200.8	0.61859
201	0.62053
201.2	0.61905
201.4	0.61757
201.6	0.59554
201.8	0.5694
202	0.54325
202.2	0.52082
202.4	0.50977
202.6	0.50354
202.8	0.50559
203	0.50649
203.2	0.5068
203.4	0.50486
203.6	0.49656
203.8	0.48292
204	0.46928
204.2	0.45565
204.4	0.30935
204.6	0.3224
204.8	0.33546
205	0.34851
205.2	0.35691
205.4	0.36534
205.6	0.37347
205.8	0.38328
206	0.39507
206.2	0.40686
206.4	0.41865
206.6	0.42767
206.8	0.44302
207	0.46239
207.2	0.48341
207.4	0.50588
207.6	0.52823
207.8	0.55059
208	0.56305
208.2	0.56984
208.4	0.57468
208.6	0.5776
208.8	0.58055
209	0.58798
209.2	0.60041
209.4	0.61823
209.6	0.63349
209.8	0.64586
210	0.65846
210.2	0.67129
210.4	0.67527
210.6	0.67631
210.8	0.67859
211	0.68098
211.2	0.68708
211.4	0.69028
211.6	0.69107
211.8	0.69752
212	0.71618
212.2	0.73719
212.4	0.75942
212.6	0.77838
212.8	0.79932
213	0.8248
213.2	0.85027
213.4	0.86714
213.6	0.87637
213.8	0.8856
214	0.89319
214.2	0.89634
214.4	0.89848
214.6	0.90062
214.8	0.90427
215	0.91193
215.2	0.92043
215.4	0.92897
215.6	0.94142
215.8	0.95484
216	0.96826
216.2	0.98168
216.4	0.85306
216.6	0.78268
216.8	0.68548
217	0.63533
217.2	0.62221
217.4	0.64009
217.6	0.65631
217.8	0.67552
218	0.6753
218.2	0.6768
218.4	0.6944
218.6	0.68885
218.8	0.68825
219	0.67403
219.2	0.68544
219.4	0.6812
219.6	0.66785
219.8	0.68585
220	0.67944
220.2	0.68642
220.4	0.70436
220.6	0.71917
220.8	0.76369
221	0.68724
221.2	0.6476
221.4	0.59069
221.6	0.55372
221.8	0.53014
222	0.50252
222.2	0.4393
222.4	0.40781
222.6	0.39815
222.8	0.34195
223	0.29328
223.2	0.25271
223.4	0.19156
223.6	0.1155
223.8	0.01621
224	-0.02011
224.2	-0.02353
224.4	-0.09199
224.6	-0.13606
224.8	-0.17296
225	-0.18387
225.2	-0.22822
225.4	-0.27456
225.6	-0.25726
225.8	-0.29757
226	-0.32955
226.2	-0.36756
226.4	-0.39902
226.6	-0.49225
226.8	-0.7079
227	-0.66211
227.2	-0.72274
227.4	-0.71572
227.6	-0.67895
227.8	-0.66996
228	-0.65899
228.2	-0.60404
228.4	-0.60201
228.6	-0.62056
228.8	-0.64504
229	-0.63207
229.2	-0.62329
229.4	-0.66586
229.6	-0.68748
229.8	-0.68928
230	-0.62453
230.2	-0.59708
230.4	-0.59462
230.6	-0.57296
230.8	-0.53563
231	-0.55885
231.2	-0.57201
231.4	-0.49404
231.6	-0.48585
231.8	-0.45465
232	-0.42254
232.2	-0.46436
232.4	-0.46604
232.6	-0.47272
232.8	-0.47763
233	-0.44424
233.2	-0.4229
233.4	-0.44576
233.6	-0.4635
233.8	-0.48565
234	-0.52143
234.2	-0.53953
234.4	-0.50527
234.6	-0.51518
234.8	-0.5181
235	-0.48111
235.2	-0.48777
235.4	-0.53963
235.6	-0.58646
235.8	-0.62888
236	-0.54306
236.2	-0.44473
236.4	-0.38039
236.6	-0.36289
236.8	-0.33246
237	-0.19964
237.2	-0.08458
237.4	-0.03285
237.6	0.04545
237.8	0.1688
238	0.26723
238.2	0.26753
238.4	0.28835
238.6	0.42872
238.8	0.5044
239	0.5004
239.2	0.45262
239.4	0.41225
239.6	0.40313
239.8	0.38612
240	0.3441
240.2	0.33909
240.4	0.35103
240.6	0.34065
240.8	0.33335
241	0.3126
241.2	0.3097
241.4	0.30445
241.6	0.26658
241.8	0.23866
242	0.2177
242.2	0.19295
242.4	0.1741
242.6	0.14334
242.8	0.12675
243	0.12706
243.2	0.10896
243.4	0.10441
243.6	0.10478
243.8	0.11452
244	0.10265
244.2	0.0913
244.4	0.08303
244.6	0.06981
244.8	0.07284
245	0.11048
245.2	0.11839
245.4	0.11736
245.6	0.14393
245.8	0.13603
246	0.15189
246.2	0.13052
246.4	0.10169
246.6	0.11595
246.8	0.12925
247	0.09973
247.2	0.09411
247.4	0.11353
247.6	0.06561
247.8	0.03114
248	0.00881
248.2	-0.01674
248.4	-0.03028
248.6	-0.03157
248.8	-0.05778
249	-0.09317
