/* DESCRIPTION:
Reference:	Seelos, K et al. (2009): A continuous high-resolution dust record for the reconstruction of wind systems in central Europe (Eifel, Western Germany) over the past 133 ka. Geophysical Research Letters, 36(20), https://doi.org/10.1029/2009GL039716
Data from:	https://doi.org/10.1594/PANGAEA.868665. Accessed 22 Nov 2022.
Comment:	Data was not modified in any way.
*/
Age [ka BP]	Probability (dust)
0.45	2.07
0.55	2.06
0.65	1.99
0.75	1.93
0.85	1.39
0.95	1.42
1.05	1.32
1.15	1.51
1.25	1.51
1.35	1.18
1.45	1.15
1.55	1.15
1.65	1.05
1.75	1.05
1.85	0.88
1.95	1.31
2.05	1.91
2.15	2.32
2.25	2.82
2.35	3.02
2.45	3.03
2.55	3.09
2.65	3.16
2.75	3.34
2.85	3.34
2.95	3.22
3.05	3.22
3.15	2.82
3.25	2.32
3.35	2.15
3.45	2.14
3.55	1.98
3.65	2.01
3.75	1.64
3.85	1.64
3.95	1.14
4.05	0.54
4.15	0.37
4.25	0.39
4.35	0.46
4.45	0.5
4.55	0.41
4.65	0.31
4.75	0.29
4.85	0.36
4.95	0.42
5.05	0.42
5.15	0.44
5.25	0.42
5.35	0.43
5.45	0.29
5.55	0.29
5.65	0.34
5.75	0.38
5.85	0.41
5.95	0.42
6.05	0.51
6.15	0.46
6.25	0.46
6.35	0.36
6.45	0.38
6.55	0.38
6.65	0.32
6.75	0.58
6.85	0.55
6.95	0.67
7.05	0.66
7.15	0.66
7.25	1.18
7.35	1.32
7.45	1.31
7.55	1.53
7.65	1.78
7.75	1.48
7.85	1.52
7.95	2.01
8.05	1.92
8.15	2.05
8.25	1.54
8.35	1.67
8.45	1.73
8.55	1.6
8.65	1.83
8.75	2.29
8.85	2.25
8.95	1.67
9.05	1.72
9.15	1.64
9.25	1.64
9.35	1.36
9.45	1.3
9.55	1.2
9.65	0.73
9.75	0.32
9.85	0.38
9.95	0.78
10.05	0.81
10.15	0.78
10.25	1.08
10.35	1.19
10.45	1.29
10.55	1.41
10.65	1.41
10.75	1.51
10.85	1.36
10.95	0.88
11.05	0.8
11.15	0.78
11.25	0.81
11.35	0.81
11.45	0.89
11.55	1
11.65	1.3
11.75	1.26
11.85	1.52
11.95	1.66
12.05	1.79
12.15	2.01
12.25	1.98
12.35	2.03
12.45	2.53
12.55	2.59
12.65	3.11
12.75	3.07
12.85	2.81
12.95	3.16
13.05	4.01
13.15	4.04
13.25	4.51
13.35	4.54
13.45	4.76
13.55	5.48
13.65	5.83
13.75	6.77
13.85	7.94
13.95	8.73
14.05	9.06
14.15	9.7
14.25	9.76
14.35	10.63
14.45	10.89
14.55	10.9
14.65	10.26
14.75	10.16
14.85	8.99
14.95	8.71
15.05	8.63
15.15	8.49
15.25	8.39
15.35	8.33
15.45	7.95
15.55	7.84
15.65	8.48
15.75	7.81
15.85	8.41
15.95	8.33
16.05	8.34
16.15	8.36
16.25	8.79
16.35	8.39
16.45	8.67
16.55	8.94
16.65	8.78
16.75	9.57
16.85	10.27
16.95	10.46
17.05	9.64
17.15	10.26
17.25	10.16
17.35	10.22
17.45	10.14
17.55	10.47
17.65	10.85
17.75	10.91
17.85	10.55
17.95	10.54
18.05	11.31
18.15	11.23
18.25	11.16
18.35	11.26
18.45	11.29
18.55	10.89
18.65	10.39
18.75	10.59
18.85	10.55
18.95	10.08
19.05	10.32
19.15	9.18
19.25	9.56
19.35	8.83
19.45	7.94
19.55	7.24
19.65	7.39
19.75	7.5
19.85	7.5
19.95	7.98
20.05	7.95
20.15	8.85
20.25	8.73
20.35	9.9
20.45	11.29
20.55	12.03
20.65	12.25
20.75	12.1
20.85	12.19
20.95	12.31
21.05	11.91
21.15	12.05
21.25	11.91
21.35	11.94
21.45	11.3
21.55	11.33
21.65	10.97
21.75	11.11
21.85	11.22
21.95	11.1
22.05	11.1
22.15	10.89
22.25	11.16
22.35	10.24
22.45	10.38
22.55	10.02
22.65	9.54
22.75	9.38
22.85	9.52
22.95	9.28
23.05	9.48
23.15	9.12
23.25	8.61
23.35	9.17
23.45	9.01
23.55	9.01
23.65	9.34
23.75	8.8
23.85	8.07
23.95	8.12
24.05	8.02
24.15	8.31
24.25	8.21
24.35	8
24.45	7.67
24.55	7.18
24.65	6.63
24.75	6.57
24.85	6.97
24.95	6.95
25.05	6.65
25.15	6.91
25.25	7.02
25.35	7.58
25.45	7.68
25.55	8.24
25.65	9.14
25.75	9.7
25.85	9.8
25.95	9.87
26.05	10.17
26.15	10.23
26.25	10.5
26.35	10.4
26.45	10.7
26.55	10.7
26.65	10.8
26.75	10.87
26.85	10.77
26.95	10.71
27.05	10.76
27.15	10.39
27.25	10.45
27.35	10.35
27.45	10.55
27.55	10.15
27.65	10.2
27.75	10.25
27.85	10.45
27.95	10.48
28.05	10.23
28.15	10.53
28.25	10.39
28.35	10.62
28.45	10.72
28.55	11.56
28.65	11.5
28.75	11.28
28.85	11.41
28.95	11.48
29.05	12.08
29.15	12.38
29.25	12.5
29.35	12.3
29.45	12.23
29.55	11.94
29.65	11.72
29.75	11.52
29.85	11.18
29.95	10.88
30.05	10.45
30.15	9.85
30.25	9.62
30.35	9.92
30.45	9.69
30.55	10
30.65	10.33
30.75	10.93
30.85	10.6
30.95	10.23
31.05	10.26
31.15	10.26
31.25	10.57
31.35	10.33
31.45	10.53
31.55	10.57
31.65	10.17
31.75	10.07
31.85	10.3
31.95	10.92
32.05	10.29
32.15	10.29
32.25	10.37
32.35	10.11
32.45	10.03
32.55	10.07
32.65	10.26
32.75	9.96
32.85	9.48
32.95	9.61
33.05	9.97
33.15	10.27
33.25	9.43
33.35	9.89
33.45	10.14
33.55	9.61
33.65	9.49
33.75	9.71
33.85	10.53
33.95	10.75
34.05	11.12
34.15	10.79
34.25	10.89
34.35	10.5
34.45	10.5
34.55	9.81
34.65	10.04
34.75	10.01
34.85	9.83
34.95	8.63
35.05	8.61
35.15	8.99
35.25	9.29
35.35	9.14
35.45	8.89
35.55	9.69
35.65	9.48
35.75	8.78
35.85	8.58
35.95	9.48
36.05	9.3
36.15	8.87
36.25	8.37
36.35	8.51
36.45	7.71
36.55	7.69
36.65	7.2
36.75	7.7
36.85	8.08
36.95	8.18
37.05	8.48
37.15	8.6
37.25	9.2
37.35	9.26
37.45	9.72
37.55	9.52
37.65	9.75
37.75	9.25
37.85	8.87
37.95	8.37
38.05	7.44
38.15	6.81
38.25	6.41
38.35	6.04
38.45	5.95
38.55	5.75
38.65	5.71
38.75	5.66
38.85	5.51
38.95	5.64
39.05	6.03
39.15	6.42
39.25	6.42
39.35	6.53
39.45	6.47
39.55	6.57
39.65	6.47
39.75	6.25
39.85	6.15
39.95	6.02
40.05	5.66
40.15	5.37
40.25	5.27
40.35	5.36
40.45	5.83
40.55	5.96
40.65	6.16
40.75	6.82
40.85	7.32
40.95	7.42
41.05	8.12
41.15	7.92
41.25	7.62
41.35	7.72
41.45	7.65
41.55	7.84
41.65	7.96
41.75	7.95
41.85	7.6
41.95	7.02
42.05	6.62
42.15	7.22
42.25	7.62
42.35	6.86
42.45	5.98
42.55	4.97
42.65	4.04
42.75	3.12
42.85	2.49
42.95	2.66
43.05	1.96
43.15	1.16
43.25	1.26
43.35	2.02
43.45	2.96
43.55	3.93
43.65	5.02
43.75	5.1
43.85	6.22
43.95	6.73
44.05	7.38
44.15	8.28
44.25	8.68
44.35	8.68
44.45	8.56
44.55	8.37
44.65	8.07
44.75	8.31
44.85	7.37
44.95	6.66
45.05	6.01
45.15	5.25
45.25	4.25
45.35	3.72
45.45	3.33
45.55	3.18
45.65	2.48
45.75	2.2
45.85	2.07
45.95	2.18
46.05	2.31
46.15	2.16
46.25	2.15
46.35	1.78
46.45	1.39
46.55	1
46.65	1.18
46.75	1.8
46.85	2.64
46.95	3.14
47.05	4.22
47.15	5.12
47.25	6.24
47.35	7.34
47.45	8.34
47.55	9.11
47.65	9.83
47.75	10.31
47.85	10.5
47.95	10.8
48.05	10.9
48.15	11.2
48.25	11.2
48.35	11.3
48.45	11.6
48.55	11.7
48.65	11.8
48.75	11
48.85	10.9
48.95	10.4
49.05	10.3
49.15	9.7
49.25	9.1
49.35	8.92
49.45	8.22
49.55	8.12
49.65	7.02
49.75	6.62
49.85	6.52
49.95	6.19
50.05	5.43
50.15	4.85
50.25	4.49
50.35	3.65
50.45	3.65
50.55	2.99
50.65	3.4
50.75	3.41
50.85	2.58
50.95	2.52
51.05	2.26
51.15	2.46
51.25	2.49
51.35	2.65
51.45	2.64
51.55	2.84
51.65	3.44
51.75	4.37
51.85	5.28
51.95	5.16
52.05	5.11
52.15	4.94
52.25	5.09
52.35	5.03
52.45	4.97
52.55	4.96
52.65	4.28
52.75	3.48
52.85	2.67
52.95	2.75
53.05	3.1
53.15	3.24
53.25	3.02
53.35	2.76
53.45	2.51
53.55	2.02
53.65	1.83
53.75	1.94
53.85	2.16
53.95	2.08
54.05	1.83
54.15	2.47
54.25	2.34
54.35	3.24
54.45	2.88
54.55	3.12
54.65	3.03
54.75	2.84
54.85	2.94
54.95	3.14
55.05	3.08
55.15	2.54
55.25	2.81
55.35	2.76
55.45	3.43
55.55	3.34
55.65	3.64
55.75	3.57
55.85	3.58
55.95	3.88
56.05	4.22
56.15	4.06
56.25	4.71
56.35	3.87
56.45	3.8
56.55	4.8
56.65	5.77
56.75	5.77
56.85	6.33
56.95	6.93
57.05	7.67
57.15	8.77
57.25	8.67
57.35	9.97
57.45	10.53
57.55	10.23
57.65	9.93
57.75	10.31
57.85	9.71
57.95	9.11
58.05	8.57
58.15	7.34
58.25	6.98
58.35	5.68
58.45	4.98
58.55	4.98
58.65	4.96
58.75	4.64
58.85	4.6
58.95	5.2
59.05	5.31
59.15	6.01
59.25	6.47
59.35	7.87
59.45	8.67
59.55	8.77
59.65	8.98
59.75	10.03
59.85	10.7
59.95	10.9
60.05	11.3
60.15	11.4
60.25	11.7
60.35	10.3
60.45	9.9
60.55	9.6
60.65	9.7
60.75	9.5
60.85	8.95
60.95	8.45
61.05	8.15
61.15	7.35
61.25	7.05
61.35	7.85
61.45	7.85
61.55	8.05
61.65	7.75
61.75	7.95
61.85	7.7
61.95	7.9
62.05	8
62.15	9.3
62.25	9.8
62.35	10.2
62.45	9.36
62.55	8.59
62.65	7.79
62.75	6.95
62.85	6.98
62.95	6.37
63.05	5.84
63.15	5.07
63.25	4.17
63.35	3.63
63.45	4.3
63.55	4.98
63.65	5.4
63.75	5.14
63.85	5.01
63.95	5.32
64.05	5.78
64.15	6.23
64.25	5.97
64.35	5.88
64.45	6.31
64.55	7.05
64.65	7.52
64.75	8.57
64.85	9.08
64.95	9.77
65.05	9.95
65.15	10.26
65.25	10.43
65.35	9.85
65.45	9.59
65.55	8.95
65.65	9.12
65.75	9.07
65.85	9.64
65.95	8.64
66.05	8.44
66.15	8.62
66.25	9.56
66.35	10.53
66.45	10.93
66.55	11.2
66.65	11.23
66.75	11.6
66.85	11.53
66.95	12.44
67.05	12.68
67.15	11.81
67.25	11.87
67.35	11.81
67.45	11.73
67.55	11.98
67.65	11.53
67.75	11.46
67.85	11.54
67.95	11.4
68.05	11.77
68.15	12.46
68.25	12.34
68.35	12.04
68.45	12.19
68.55	11.62
68.65	11.98
68.75	12.08
68.85	11.82
68.95	12.11
69.05	12.05
69.15	11.96
69.25	11.78
69.35	12.52
69.45	11.95
69.55	12.53
69.65	11.95
69.75	11.52
69.85	11.54
69.95	11.34
70.05	11.1
70.15	11.27
70.25	11.39
70.35	11.44
70.45	11.07
70.55	10.11
70.65	10.69
70.75	10.58
70.85	10.81
70.95	10.53
71.05	10.63
71.15	10.54
71.25	9.92
71.35	9.52
71.45	10.3
71.55	11.13
71.65	10.12
71.75	10.77
71.85	9.78
71.95	10.3
72.05	9.8
72.15	9.6
72.25	9.6
72.35	9.6
72.45	9.6
72.55	9.8
72.65	11
72.75	10.62
72.85	11.62
72.95	10.43
73.05	10.81
73.15	10.76
73.25	11.31
73.35	11.12
73.45	10.75
73.55	10.39
73.65	10.16
73.75	9.89
73.85	8.84
73.95	9.56
74.05	8.81
74.15	8.82
74.25	8.48
74.35	8.8
74.45	8.97
74.55	9.22
74.65	9.22
74.75	8.98
74.85	9.39
74.95	9.63
75.05	10.41
75.15	9.96
75.25	10.02
75.35	9.86
75.45	9.77
75.55	9.37
75.65	9.2
75.75	9.57
75.85	9.88
75.95	9.57
76.05	9.31
76.15	9.63
76.25	9.59
76.35	9.54
76.45	9.54
76.55	9.27
76.65	9.18
76.75	9.1
76.85	9.6
76.95	9.07
77.05	8.82
77.15	8.55
77.25	8.29
77.35	8.03
77.45	7.78
77.55	7.71
77.65	7.46
77.75	7.2
77.85	6.38
77.95	6.59
78.05	6.52
78.15	6.48
78.25	6.45
78.35	6.41
78.45	6.37
78.55	6.33
78.65	6.3
78.75	6.26
78.85	6.22
78.95	6.18
79.05	6.15
79.15	6.12
79.25	6.09
79.35	6.06
79.45	6.04
79.55	6.03
79.65	6.02
79.75	6.01
79.85	6
79.95	6
80.05	6
80.15	6
80.25	6
80.35	6
80.45	6
80.55	6
80.65	6
80.75	6
80.85	6
80.95	6
81.05	6.01
81.15	6.03
81.25	6.05
81.35	6.07
81.45	6.11
81.55	6.14
81.65	6.18
81.75	6.23
81.85	6.28
81.95	6.33
82.05	6.39
82.15	6.44
82.25	6.49
82.35	6.55
82.45	6.6
82.55	6.65
82.65	6.71
82.75	6.76
82.85	6.78
82.95	6.77
83.05	6.73
83.15	6.66
83.25	6.55
83.35	6.42
83.45	6.25
83.55	6.05
83.65	5.82
83.75	5.55
83.85	5.29
83.95	5.02
84.05	4.76
84.15	4.49
84.25	4.23
84.35	3.96
84.45	3.7
84.55	3.43
84.65	3.17
84.75	2.98
84.85	2.86
84.95	2.81
85.05	2.83
85.15	2.92
85.25	3.07
85.35	3.3
85.45	3.59
85.55	3.95
85.65	4.38
85.75	4.8
85.85	5.23
85.95	5.65
86.05	6.07
86.15	6.5
86.25	6.92
86.35	7.35
86.45	7.77
86.55	8.18
86.65	8.53
86.75	8.83
86.85	9.06
86.95	9.24
87.05	9.36
87.15	9.42
87.25	9.42
87.35	9.36
87.45	9.24
87.55	9.08
87.65	8.93
87.75	8.77
87.85	8.61
87.95	8.45
88.05	8.29
88.15	8.13
88.25	7.97
88.35	7.81
88.45	7.65
88.55	7.46
88.65	7.27
88.75	7.05
88.85	6.82
88.95	6.58
89.05	6.32
89.15	6.04
89.25	5.75
89.35	5.44
89.45	5.12
89.55	4.8
89.65	4.49
89.75	4.17
89.85	3.85
89.95	3.53
90.05	3.21
90.15	2.89
90.25	2.58
90.35	2.27
90.45	2.01
90.55	1.77
90.65	1.56
90.75	1.39
90.85	1.25
90.95	1.14
91.05	1.06
91.15	1.01
91.25	1
91.35	1
91.45	1
91.55	1
91.65	1
91.75	1
91.85	1
91.95	1
92.05	1
92.15	1
92.25	1.03
92.35	1.1
92.45	1.22
92.55	1.37
92.65	1.57
92.75	1.81
92.85	2.1
92.95	2.43
93.05	2.8
93.15	3.21
93.25	3.63
93.35	4.06
93.45	4.48
93.55	4.9
93.65	5.33
93.75	5.75
93.85	6.18
93.95	6.6
94.05	7.03
94.15	7.44
94.25	7.83
94.35	8.21
94.45	8.57
94.55	8.92
94.65	9.25
94.75	9.57
94.85	9.87
94.95	10.15
95.05	10.42
95.15	10.68
95.25	10.95
95.35	11.21
95.45	11.48
95.55	11.75
95.65	12.01
95.75	12.28
95.85	12.54
95.95	12.81
96.05	12.67
96.15	12.32
96.25	12.54
96.35	12.1
96.45	12.33
96.55	11.68
96.65	11.56
96.75	11.29
96.85	11.09
96.95	10.69
97.05	10.62
97.15	10.8
97.25	10.6
97.35	11.1
97.45	10.48
97.55	11
97.65	10.74
97.75	10.93
97.85	10.17
97.95	9.96
98.05	9.44
98.15	8.81
98.25	8.57
98.35	7.27
98.45	7.38
98.55	7.25
98.65	7
98.75	5.87
98.85	5.66
98.95	5.96
99.05	6
99.15	6.8
99.25	6.61
99.35	7.13
99.45	6.94
99.55	6.74
99.65	6.74
99.75	7.21
99.85	7.71
99.95	7.42
100.05	7.37
100.15	6.57
100.25	6.47
100.35	6.76
100.45	6.76
100.55	6.21
100.65	5.93
100.75	5.76
100.85	5.47
100.95	5.44
101.05	5.81
101.15	6.31
101.25	6.73
101.35	7.02
101.45	6.85
101.55	6.96
101.65	7.54
101.75	8.08
101.85	8.57
101.95	8.84
102.05	8.45
102.15	7.55
102.25	6.7
102.35	5.67
102.45	5.94
102.55	6.2
102.65	5.45
102.75	4.85
102.85	5.18
102.95	4.97
103.05	5.83
103.15	6.98
103.25	7.82
103.35	8.92
103.45	8.39
103.55	8.46
103.65	8.71
103.75	8.33
103.85	7.34
103.95	6.63
104.05	5.37
104.15	5.26
104.25	5.17
104.35	4.29
104.45	4.98
104.55	5.29
104.65	5.28
104.75	5.73
104.85	6.08
104.95	6.95
105.05	7.38
105.15	7.24
105.25	7.07
105.35	7.05
105.45	6.48
105.55	5.7
105.65	5.4
105.75	4.95
105.85	5
105.95	4.17
106.05	3.82
106.15	3.3
106.25	3
106.35	3.3
106.45	2.82
106.55	2.87
106.65	3.38
106.75	4.01
106.85	3.37
106.95	3.21
107.05	3.57
107.15	3.31
107.25	3.04
107.35	2.86
107.45	3.44
107.55	3.49
107.65	3.1
107.75	2.61
107.85	3.22
107.95	3.57
108.05	4
108.15	5.03
108.25	5.32
108.35	5.61
108.45	6.22
108.55	7.02
108.65	8.05
108.75	8.43
108.85	8.01
108.95	7.86
109.05	7.83
109.15	7.85
109.25	8.05
109.35	8.52
109.45	7.99
109.55	7.61
109.65	7.1
109.75	7.57
109.85	7.77
109.95	8.06
110.05	7.88
110.15	7.2
110.25	6.45
110.35	5.56
110.45	5.14
110.55	4.65
110.65	4.11
110.75	3.4
110.85	3.2
110.95	2.74
111.05	2.1
111.15	1.7
111.25	2.86
111.35	3.67
111.45	4.23
111.55	4.44
111.65	4.15
111.75	4.66
111.85	4.61
111.95	4.64
112.05	4.88
112.15	4.93
112.25	3.82
112.35	2.8
112.45	2.06
112.55	1.65
112.65	1.65
112.75	0.95
112.85	1
112.95	0.94
113.05	0.76
113.15	0.81
113.25	0.76
113.35	0.91
113.45	1.01
113.55	1.02
113.65	1.11
113.75	1.21
113.85	1.02
113.95	1.14
114.05	1.09
114.15	1.19
114.25	1.19
114.35	1.18
114.45	1.02
114.55	0.92
114.65	0.85
114.75	0.7
114.85	0.88
114.95	0.76
115.05	0.76
115.15	0.46
115.25	0.46
115.35	0.28
115.45	0.31
115.55	0.35
115.65	0.33
115.75	0.61
115.85	0.43
115.95	0.5
116.05	0.57
116.15	0.87
116.25	0.87
116.35	1
116.45	0.97
116.55	0.93
116.65	1.13
116.75	1.04
116.85	1.12
116.95	1.08
117.05	1
117.15	0.94
117.25	1.04
117.35	0.88
117.45	0.98
117.55	1.17
117.65	1.23
117.75	1.09
117.85	1.01
117.95	1.38
118.05	1.84
118.15	2.33
118.25	2.57
118.35	2.87
118.45	3.16
118.55	3.17
118.65	3.2
118.75	3.32
118.85	3.34
118.95	2.94
119.05	2.79
119.15	2.19
119.25	2.45
119.35	2.52
119.45	2.31
119.55	2.47
119.65	2.57
119.75	2.37
119.85	2.46
119.95	2.53
120.05	2.59
120.15	2.55
120.25	2.18
120.35	1.97
120.45	2
120.55	1.93
120.65	1.72
120.75	1.76
120.85	1.83
120.95	1.8
121.05	2.01
121.15	2.04
121.25	2.66
121.35	2.75
121.45	3.54
121.55	3.84
121.65	3.94
121.75	3.9
121.85	4.29
121.95	4.27
122.05	4.3
122.15	4.52
122.25	3.75
122.35	3.59
122.45	2.6
122.55	2.24
122.65	2.1
122.75	2.16
122.85	1.73
122.95	2.01
123.05	1.6
123.15	1.27
123.25	1.45
123.35	1.69
123.45	2.3
123.55	2.54
123.65	2.4
123.75	2.91
123.85	3.06
123.95	3.37
124.05	3.33
124.15	4.25
124.25	4.8
124.35	5.1
124.45	4.69
124.55	4.29
124.65	4.39
124.75	4.16
124.85	4.36
124.95	3.85
125.05	4.54
125.15	4.45
125.25	4.57
125.35	4.98
125.45	5.72
125.55	6.84
125.65	7.95
125.75	7.9
125.85	8.39
125.95	8.36
126.05	8.19
126.15	7.36
126.25	6.96
126.35	6.78
126.45	6.14
126.55	5.39
126.65	4.44
126.75	4.16
126.85	3.16
126.95	3.38
127.05	2.81
127.15	3.07
127.25	2.73
127.35	2.25
127.45	1.95
127.55	1.9
127.65	1.77
127.75	1.74
127.85	1.74
127.95	1.72
128.05	1.94
128.15	1.67
128.25	1.6
128.35	1.2
128.45	1.46
128.55	1.2
128.65	1.09
128.75	1.23
128.85	1.53
128.95	1.35
129.05	1.11
129.15	1.41
129.25	1.51
129.35	1.91
129.45	1.72
129.55	1.79
129.65	1.91
129.75	1.76
129.85	1.58
129.95	1.5
130.05	1.91
130.15	1.82
130.25	2.37
130.35	2.05
130.45	2.1
130.55	2.16
130.65	2.53
130.75	2.76
130.85	3.01
130.95	3.01
131.05	2.77
131.15	2.61
131.25	2.07
131.35	1.99
131.45	2.27
131.55	2.43
131.65	2.15
131.75	2.34
