/* DESCRIPTION:
Reference:	De Pol-Holz, R., O. Ulloa, F. Lamy, L. Dezileau, P. Sabatier, and D. Hebbeln. 2007. Late Quaternary variability of sedimentary nitrogen isotopes in the eastern South Pacific Ocean. Paleoceanography, 22, PA2207, doi:10.1029/2006PA001308 
Data from:	https://www.ncei.noaa.gov/access/paleo-search/study/10494. Accessed 22 Nov 2022.
Comment:	Data was not modified in any way.
*/
Depth [cm]	Age [ka BP]	d15N [‰vsAir]	Ntot (wt %) 
0	0.84	11.4	0.166
1	0.94	11.6	0.176
2	1.05	11.3	0.144
3	1.16	11.7	0.167
4	1.27	11.4	0.163
5	1.38	11.6	0.163
6	1.49	11.7	0.152
7	1.6	11.2	0.132
8	1.71	11.1	0.134
9	1.81	11.3	0.13
10	1.92	11.5	0.193
11	2.03	11.4	0.143
12	2.14	11.4	0.147
13	2.25	11.3	0.149
14	2.36	11.3	0.147
15	2.47	11.2	0.141
16	2.58	11.4	0.147
18	2.79	11.2	0.143
19	2.9	10.9	0.134
20	3.01	11.3	0.137
21	3.12	11.1	0.137
22	3.23	10.4	0.148
23	3.34	10.8	0.158
24	3.45	11	0.149
25	3.56	10.8	0.147
26	3.66	10.9	0.152
27	3.77	11.3	0.145
28	3.88	10.9	0.144
29	3.99	10.7	0.15
30	4.1	10.5	0.128
31	4.21	10.7	0.165
32	4.32	10.9	0.168
33	4.43	10.2	0.172
34	4.53	10.8	0.163
35	4.64	10.9	0.159
36	4.75	10.6	0.173
37	4.86	10.7	0.186
38	4.97	10.5	0.161
39	5.08	10.8	0.193
40	5.19	10.6	0.194
42	5.41	10.5	0.182
43	5.51	10.7	0.187
44	5.62	10.8	0.184
45	5.73	10.5	0.175
46	5.84	10.2	0.19
47	5.95	10.5	0.195
48	6.06	10.9	0.176
49	6.17	10.7	0.164
50	6.28	10.7	0.18
51	6.38	10.6	0.184
52	6.49	10.7	0.183
53	6.6	9.8	0.188
54	6.71	10.3	0.186
56	6.93	10.5	0.195
57	7.04	10.6	0.188
58	7.15	10.4	0.179
59	7.25	10.6	0.196
60	7.36	10.6	0.169
61	7.47	10.5	0.187
62	7.58	10.4	0.18
63	7.69	10.5	0.16
64	7.8	11	0.193
65	7.91	10.8	0.194
66	8.02	10.9	0.2
67	8.13	11	0.193
68	8.23	10.8	0.186
69	8.34	10.9	0.197
71	8.56	11.2	0.184
72	8.67	11.2	0.195
73	8.78	11.3	0.185
74	8.89	10.8	0.182
75	9	11.1	0.193
76	9.1	11.1	0.193
77	9.21	11.2	0.187
78	9.32	11.5	0.2
79	9.43	11.5	0.197
80	9.54	11.6	0.168
81	9.65	11.5	0.165
82	9.76	11.3	0.173
83	9.87	11.9	0.169
84	9.97	11.7	0.187
85	10.08	11.5	0.158
86	10.19	12	0.193
87	10.3	11.7	0.152
88	10.41	11.6	0.158
89	10.47	11.6	0.182
90	10.53	11.8	
91	10.59	11.9	0.206
92	10.66	12.1	0.19
93	10.72	12.6	0.16
94	10.78	11.9	0.169
95	10.84	12.3	0.175
96	10.9	12.4	0.166
97	10.96	12.1	0.171
98	11.02	12.3	0.166
99	11.08	11.9	0.15
100	11.15	12.2	0.151
101	11.21	11.5	0.184
102	11.27	12.4	0.138
103	11.33	12	0.143
104	11.39	11.4	0.105
105	11.45	12.2	0.118
106	11.51	12.3	0.133
107	11.58	12.1	0.126
108	11.64	12.2	0.114
109	11.7	12.2	0.117
110	11.76	12.6	0.112
111	11.82	12.6	0.112
112	11.88	12.3	0.116
113	11.94	12.7	0.103
114	12.01	13.1	0.1
115	12.07	13.1	0.104
116	12.13	13.1	0.103
118.5	12.28	12.6	0.093
119.5	12.34	13.3	0.096
120.5	12.4	13.6	0.1
121.5	12.47	12.9	0.106
122.5	12.53	13.4	0.094
123.5	12.59	13.1	0.087
124.5	12.65	12.7	0.089
125.5	12.71	11.9	0.093
126.5	12.77	12.5	0.105
127.5	12.83	11.9	0.091
128.5	12.89	11.8	0.11
129.5	12.96	12.6	0.107
130.5	13.02	11.9	0.105
131.5	13.08	11.9	0.094
132.5	13.14	11.6	0.089
133.5	13.2	12.2	0.108
134.5	13.26	12.2	0.103
135.5	13.32	12.5	0.104
136.5	13.39	12.2	0.104
137.5	13.45	12.1	0.101
138.5	13.51	12.6	0.101
139.5	13.57	11.6	0.098
140.5	13.63	12.5	0.091
141.5	13.69	12.6	0.102
142.5	13.75	12.4	0.103
143.5	13.82	12.2	0.11
144.5	13.88	12.6	0.094
145.5	13.94	12.7	0.105
146.5	14	12.6	0.105
147.5	14.06	12.8	0.076
148.5	14.12	13.1	0.099
150.5	14.24	12.8	0.104
151.5	14.31	12.9	0.1
153.5	14.43	12.8	0.103
154.5	14.49	12.9	0.107
155.5	14.55	12.7	0.101
156.5	14.61	12.6	0.101
157.5	14.67	12.9	0.09
158.5	14.74	13.1	0.094
159.5	14.8	12.7	0.096
160.5	14.86	12.9	0.096
161.5	14.92	12.9	0.087
162.5	14.98	13.5	0.084
163.5	15.04	13.4	0.085
164.5	15.1	13.8	0.077
165.5	15.16	13.7	0.079
166.5	15.23	12.4	0.083
167.5	15.29	13.2	0.081
168.5	15.35	13.5	0.077
169.5	15.41	13.6	0.07
170.5	15.47	13.1	0.074
171.5	15.53	13.2	0.072
172.5	15.59	12.7	0.081
173.5	15.66	12.6	0.076
174.5	15.72	13	0.069
175.5	15.78	12.5	0.07
176.5	15.84	12.9	0.077
177.5	15.9	13.8	0.073
178.5	15.96	13.3	0.078
179.5	16.02	13.4	0.076
180.5	16.09	12.8	0.073
181.5	16.15	13.5	0.075
182.5	16.21	13.5	0.072
183.5	16.27	12.8	0.07
184.5	16.33	13.4	0.071
185.5	16.39	12.9	0.077
186.5	16.45	12.6	0.076
187.5	16.51	12.3	0.074
188.5	16.58	11.9	0.072
189.5	16.64	11.5	0.069
190.5	16.7	11.1	0.072
191.5	16.76	9.7	0.078
193.5	16.88	11	0.085
194.5	16.94	11.1	0.083
195.5	17.01	10.3	0.07
196.5	17.07	9.4	0.069
197.5	17.13	9.1	0.073
199.5	17.25	9	0.076
200.5	17.31	8.6	0.093
201.5	17.37	8	0.09
202.5	17.43	7.4	0.042
203.5	17.5	8.3	0.079
204.5	17.56	8.6	0.101
205.5	17.62	9.3	0.098
206.5	17.68	8.7	0.107
207.5	17.74	8.6	0.115
208.5	17.8	8.4	0.107
209.5	17.86	8.8	0.106
210.5	17.93	8.7	0.105
211.5	17.99	8.4	0.087
212.5	18.05	8.3	0.085
213.5	18.11	8.3	0.099
214.5	18.17	8.8	0.102
215.5	18.23	8.5	0.103
216.5	18.29	8.7	0.1
217.5	18.36	8.6	0.097
218.5	18.42	8.4	0.093
219.5	18.48	8.1	0.075
220.5	18.54	8.6	0.094
221.5	18.6	8.2	0.097
222.5	18.66	8.1	0.101
223.5	18.72	8.4	0.096
224.5	18.78	8.9	0.094
225.5	18.85	8.2	0.098
226.5	18.91	8.2	0.098
227.5	18.97	8.1	0.102
228.5	19.03	8.2	0.104
229.5	19.08	8.2	0.103
230.5	19.14	8	0.086
231.5	19.19	7.9	0.084
232.5	19.24	8.3	0.082
233.5	19.3	8.4	0.076
234.5	19.35	8.5	0.085
235.5	19.4	8.3	0.07
236.5	19.46	8.5	0.069
237.5	19.51	9.1	0.087
238.5	19.56	9.3	0.083
239.5	19.62	9	0.087
240.5	19.67	8.4	0.085
241.5	19.72	8.9	0.08
242.5	19.78	8.5	0.073
243.5	19.83	8.2	0.074
244.5	19.88	8.7	0.073
245.5	19.94	8.5	0.077
246.5	19.99	8.4	0.084
247.5	20.04	8.1	0.079
248.5	20.1	8.3	0.078
250	20.18	8.7	0.079
251	20.23	8.8	0.081
252	20.28	8.3	0.081
253	20.34	8.3	0.088
254	20.39	8.5	0.093
255	20.44	8.4	0.087
256	20.5	8.2	0.092
257	20.55	8.3	0.095
258	20.6	8	0.103
259	20.66	7.8	0.1
260	20.71	8.6	0.096
261	20.76	10.5	0.086
262	20.82	11.6	0.091
263	20.87	11.5	0.091
264	20.92	9	0.095
265	20.98	8.2	0.095
266	21.03	7.8	0.095
267	21.08	7.9	0.077
268	21.14	8	0.079
269	21.19	7.4	0.075
270	21.24	7.9	0.086
271	21.3	8.2	0.089
272	21.35	8.5	0.091
273	21.4	8.6	0.09
274	21.46	8.5	0.094
275	21.51	8.3	0.09
276	21.56	8.4	0.091
277	21.62	8.1	0.084
278	21.67	8.9	0.084
279	21.72	8.4	0.091
280	21.78	8.6	0.095
281	21.83	8.6	0.089
282	21.88	8.1	0.09
283	21.94	8.6	0.086
284	21.99	8.9	0.067
285	22.04	7.9	0.06
286	22.1	9.3	0.092
287	22.15	8.7	0.09
288	22.2	8.8	0.095
289	22.26	8.4	0.096
290	22.31	8.9	0.097
291	22.36	8.9	0.095
292	22.42	9	0.085
293	22.47	8.7	0.086
294	22.52	8.6	0.074
295	22.58	8.7	0.064
297	22.68	8.5	0.067
298	22.74	8.6	0.07
299	22.79	8.4	0.079
300	22.84	8.2	0.082
301	22.9	8.9	0.082
302	22.95	8.7	0.08
303	23	8.8	0.09
304	23.06	8.9	0.1
305	23.11	8.7	0.098
306	23.16	8.5	0.101
307	23.22	8.6	0.105
308	23.27	8.8	0.111
309	23.32	8.4	0.102
310	23.38	8.5	0.11
311	23.43	8.3	0.112
312	23.48	7.9	0.093
313	23.54	8.6	0.099
314	23.59	8.2	0.114
315	23.64	8.2	0.116
316	23.7	7.5	0.111
317	23.75	8.4	0.122
318	23.8	8.3	0.12
319	23.86	7.8	0.114
320	23.91	7.8	0.113
321	23.96	7.7	0.105
322	24.02	8	0.103
323	24.07	7.9	0.11
324	24.12	8.6	0.112
325	24.18	8.3	0.119
326	24.23	8	0.118
327	24.28	7.6	0.127
328	24.34	8.1	0.127
329	24.39	7.6	0.122
330	24.44	7.8	0.12
331	24.5	7.3	0.121
332	24.55	7.5	0.118
333	24.6	7.9	0.113
334	24.65	7.1	0.107
335	24.7	7.5	0.111
336	24.75	7.4	0.116
337	24.8	7.3	0.11
338	24.85	7.6	0.117
339	24.9	7.6	0.123
340	24.95	7.5	0.13
341	25.01	7.5	0.126
342	25.06	7.5	0.127
343	25.11	7.7	0.12
344	25.16	7.5	0.125
345	25.21	7.5	0.119
346	25.26	7.8	0.129
347	25.31	7.4	0.123
348	25.36	7.5	0.127
349	25.41	7.6	0.122
350	25.46	7.1	0.123
351	25.51	7.2	0.135
352	25.56	7.4	0.15
353	25.61	7.5	0.149
354	25.66	7.3	0.142
355	25.71	7.3	0.138
356	25.76	7.8	0.147
357	25.82	7.5	0.126
358	25.87	7.8	0.126
359	25.92	8.1	0.133
360	25.97	8	0.136
361	26.02	8.1	0.143
362	26.07	8	0.145
363	26.12	8.3	0.149
364	26.17	8.7	0.152
365	26.22	8.2	0.156
366	26.27	8.1	0.159
367	26.32	8.4	0.163
368	26.37	8.3	0.152
369	26.42	8.5	0.159
370	26.47	8.7	0.161
371	26.52	8.5	0.145
372	26.57	8.5	0.144
373	26.63	8.8	0.155
374	26.68	9	0.153
375	26.73	8.4	0.136
376	26.78	8.5	0.16
377	26.83	8.7	0.138
378	26.88	8.8	0.16
379	26.93	8.4	0.147
380	26.98	8.5	0.136
381	27.03	8.7	0.13
382	27.08	8.6	0.13
383	27.13	8.5	0.125
384	27.18	9.2	0.131
385	27.23	9.1	0.133
386	27.28	9.1	0.141
387	27.33	9.1	0.164
389	27.44	8.7	0.164
390	27.49	8.8	0.192
391	27.54	9	0.186
392	27.59	9.1	0.188
393	27.64	9	0.181
394	27.69	9.2	0.171
395	27.74	8.8	0.178
396	27.79	9	0.187
397	27.84	8.8	0.171
398	27.89	8.8	0.171
399	27.94	8.1	0.173
400	27.99	8.2	0.184
401	28.04	8.5	0.178
402	28.09	8.5	0.184
403	28.14	8.4	0.184
404	28.19	8.7	0.168
405	28.25	8.8	0.158
406	28.3	8.8	0.157
407	28.35	8.7	0.172
408	28.4	9.1	0.17
409	28.45	8.8	0.157
410	28.5	9.2	0.106
411	28.55	8.8	0.123
412	28.6	9	0.148
413	28.65	8.7	0.136
414	28.7	8.8	0.13
415	28.75	8.8	0.107
416.5	28.83	8.8	0.142
417.5	28.88	9.5	0.152
418.5	28.93	9.6	0.15
419.5	28.98	9.3	0.172
420.5	29.03	8.8	0.154
421.5	29.09	8.9	0.153
422.5	29.15	8.8	0.157
423.5	29.2	8.9	0.155
424.5	29.26	8.9	0.173
425.5	29.32	9	0.163
426.5	29.38	7.9	0.17
427.5	29.44	8.8	0.182
428.5	29.49	8.9	0.176
429.5	29.55	8.4	0.189
430.5	29.61	8	0.193
431.5	29.67	8	0.177
432.5	29.73	8.2	0.188
433.5	29.78	8.4	0.175
434.5	29.84	8.3	0.203
435.5	29.9	8.3	0.184
436.5	29.96	8.2	0.177
437.5	30.02	8.7	0.179
438.5	30.07	8.8	0.171
439.5	30.13	8.5	0.177
440.5	30.19	7.8	0.171
441.5	30.25	8.7	0.187
443.5	30.36	8.4	0.183
444.5	30.42	7.2	0.156
445.5	30.48	7.2	0.149
446.5	30.54	7.1	0.134
447.5	30.6	7.2	0.151
448.5	30.65	7.4	0.148
449.5	30.71	7.4	0.158
450.5	30.77	8.2	0.171
451.5	30.83	8.5	0.182
452.5	30.88	8.2	0.191
453.5	30.94	8	0.167
454.5	31	7.6	0.156
455.5	31.06	7.4	0.156
456.5	31.12	7.6	0.164
457.5	31.17	7.5	0.143
458.5	31.23	6.7	
459.5	31.29	8	0.179
460.5	31.35	7.6	0.162
461.5	31.41	7.4	0.14
463	31.49	7.9	0.165
465	31.61	8	0.195
466	31.67	7.8	0.202
467	31.73	8.1	0.207
469	31.84	7.7	0.211
470	31.9	8.2	0.185
471	31.96	8.6	0.164
472	32.02	9.3	0.176
473	32.07	9	0.183
474	32.13	8.7	0.189
475	32.19	8.6	0.191
476	32.25	9	0.201
477	32.31	8.8	0.214
478	32.36	8.7	0.225
479	32.42	9.2	0.226
480	32.48	7.7	0.197
481	32.54	7.8	0.199
482	32.6	8.2	0.178
483	32.65	8.6	0.169
484	32.71	9	0.172
485	32.77	9.2	0.165
486	32.83	9.2	0.162
487	32.88	8.4	0.148
488	32.94	8.9	0.138
489.5	33.03	8.1	0.089
490.5	33.09	8.4	0.135
491.5	33.15	9.4	0.167
492.5	33.2	9.3	0.167
494.5	33.32	8.8	0.159
495.5	33.38	8.6	0.146
496.5	33.44	8.2	0.145
498	33.52	9.2	0.155
499	33.58	8.8	0.157
500	33.64	8.8	0.162
501	33.7	9.3	0.149
502	33.75	9.7	0.153
505	33.93	9.2	0.138
506	33.99	8.9	0.107
507	34.04	8.8	0.127
509	34.16	8.3	0.132
511	34.28	9.7	0.134
512	34.33	9.3	0.13
513	34.39	9.1	0.142
514	34.45	9.7	0.14
515	34.57	9.3	0.14
517	34.82	9.2	0.12
519	35.06	8.9	0.14
521	35.31	9.6	0.139
522	35.43	10.4	0.12
523	35.55	10.5	0.117
524	35.68	10.3	0.113
525	35.8	10.3	0.116
526	35.92	9.9	0.108
527	36.04	10.4	0.108
528	36.17	10.2	0.111
529	36.29	10.9	0.099
530	36.41	11.2	0.099
531	36.54	10.2	0.098
532	36.66	10.4	0.096
533	36.78	9.8	0.111
534	36.9	9.5	0.132
535	37.03	9.5	0.135
536	37.15	9.4	0.145
537	37.27	9.3	0.146
538	37.39	9	0.135
539	37.52	9.1	0.136
540	37.64	9	0.16
541	37.76	9.1	0.155
542	37.88	9.5	0.16
543	38.01	9.2	0.156
544	38.13	9.1	0.147
545	38.25	8.7	0.142
546	38.38	8.9	0.147
547	38.5	8.7	0.136
548	38.62	8.8	0.134
549	38.74	8.6	0.128
550	38.87	8.3	0.133
551	38.99	7.8	0.134
552	39.11	8.3	0.153
553	39.23	8.4	0.153
554	39.36	8.4	0.157
555	39.48	8.1	0.153
556	39.6	8.4	0.149
557	39.72	8	0.152
558	39.85	8.4	0.141
559	39.97	8.4	0.14
560	40.11	8.3	0.144
561	40.24	8.1	0.147
562	40.38	8.3	
563	40.51	8.6	0.132
564	40.65	8.1	0.115
565	40.78	8	0.12
566	40.92	8.6	0.123
567	41.05	8.3	0.139
568	41.19	8.4	0.133
569	41.32	8.5	0.138
571	41.59	8.3	0.14
572	41.73	8	0.161
573	41.86	8.2	0.163
574	42	8.5	0.166
575	42.13	8.3	0.156
577	42.4	8.4	0.161
578	42.54	8.4	0.158
579	42.67	8.4	0.159
581	42.94	7.7	0.136
582	43.08	8.3	0.139
583	43.21	8.5	0.129
584	43.35	7.9	0.128
585	43.49	7.3	0.121
586	43.62	7.9	0.114
587	43.76	7.5	0.113
588	43.89	7.7	0.102
589.5	44.09	7.7	0.161
590.5	44.23	8.1	0.161
591.5	44.36	8.2	0.161
592.5	44.5	8.5	0.169
593.5	44.63	8.7	0.165
594.5	44.77	8.9	0.162
595.5	44.9	8.7	0.161
596.5	45.04	8.5	0.152
597.5	45.18	8.6	0.162
599.5	45.45	8.5	0.154
600.5	45.58	8.4	0.15
601.5	45.72	8.4	0.148
602.5	45.85	8.5	0.152
603.5	45.99	8.2	0.154
604.5	46.12	8.8	0.171
605.5	46.26	8.6	0.171
606.5	46.39	8.5	0.176
607.5	46.53	8.6	0.132
608.5	46.66	8.3	0.153
609.5	46.8	8.3	0.162
610.5	46.93	8.2	0.168
611.5	47.07	8.2	0.17
612.5	47.2	8	0.166
613.5	47.34	8.4	0.163
614.5	47.47	8.1	0.163
615.5	47.61	8.3	0.167
616.5	47.74	8.2	0.165
617.5	47.88	8.3	0.17
618.5	48.01	8.5	0.179
619.5	48.15	8.4	0.171
620.5	48.28	8.6	0.155
621.5	48.42	8.3	0.154
622.5	48.55	8.4	0.153
623.5	48.69	8.4	0.16
624.5	48.83	8.6	0.155
625.5	48.96	8.6	0.15
626.5	49.1	8.2	0.153
627.5	49.23	8.1	0.152
628.5	49.37	8.6	0.156
629.5	49.5	8.6	0.154
630.5	49.64	8.8	0.169
631.5	49.77	8.9	0.172
632.5	49.91	9	0.154
633.5	50.04	9	0.15
634.5	50.18	8.7	0.147
635.5	50.31	8.8	0.138
636.5	50.45	8.9	0.143
637.5	50.58	8.8	0.143
638.5	50.72	8.6	0.146
639.5	50.85	9	0.149
640.5	50.99	8.9	0.146
641.5	51.12	9.6	0.159
642.5	51.26	8.7	0.161
643.5	51.39	9.1	0.158
644.5	51.53	9.4	0.155
645.5	51.66	9.2	0.155
646.5	51.8	9.4	0.159
647.5	51.93	9.2	0.171
648.5	52.07	9.2	0.171
649.5	52.21	9.6	0.167
650.5	52.34	9.6	0.172
651.5	52.48	9.5	0.18
652.5	52.61	9.2	0.176
653.5	52.75	9.5	0.175
654.5	52.88	8.6	0.161
655.5	53.02	8.6	0.163
656.5	53.15	8.6	0.149
657.5	53.29	8.5	0.152
658.5	53.42	9.5	0.149
659.5	53.56	9.6	0.143
660.5	53.69	9.2	0.152
661.5	53.83	9.7	0.148
662.5	53.96	9.5	0.144
663.5	54.1	9.4	0.141
664.5	54.23	9.4	0.145
665.5	54.37	9.3	0.144
666.5	54.5	9.2	0.146
667.5	54.64	9.4	0.155
668.5	54.77	9.7	0.15
669.5	54.91	9.1	0.134
670.5	55.04	10.3	0.141
671.5	55.18	10.2	0.15
672.5	55.31	9.9	0.156
673.5	55.45	10.2	0.152
675	55.61	10	0.121
676	55.71	9.8	0.162
677	55.82	9	0.178
678	55.93	9.8	0.165
679	56.03	9.7	0.169
680	56.14	9.8	0.173
681	56.24	9.3	0.169
682	56.35	9.4	0.186
683	56.46	9.4	0.187
684	56.56	9.6	0.184
685	56.67	9.7	0.191
686	56.77	9.7	0.191
687	56.88	8.2	0.18
688	56.99	9.3	0.186
689	57.09	9.3	0.191
690	57.2	9.3	0.187
691	57.3	8.8	0.163
692	57.41	8.4	0.167
693	57.52	8.8	0.178
695	57.73	9.1	0.191
696	57.83	7.5	0.195
697	57.94	7.6	0.199
698	58.05	7.2	0.2
699	58.15	8.7	0.195
700	58.26	8.7	0.189
701	58.36	8.4	0.179
702	58.47	7.8	0.162
703	58.58	7.9	0.163
704	58.68	7.7	0.157
705	58.79	7.9	0.168
706	58.89	7.8	0.16
707	59	8.1	0.153
708	59.13	7.7	0.126
709	59.26	7.5	0.102
710	59.39	8	0.143
711	59.52	8	0.144
712	59.65	7.9	0.139
713	59.78	8.5	0.146
714	59.91	8.6	0.154
715	60.04	8.1	0.147
716	60.17	8.3	0.158
718	60.43	8.3	0.141
719	60.57	8.3	0.139
720	60.7	8.5	0.132
721	60.83	8.8	0.144
722	60.96	8.9	0.144
723	61.09	8.8	0.141
724	61.22	8.8	0.136
725	61.35	8.7	0.137
726	61.48	8.6	0.136
727	61.61	9.1	0.132
728	61.74	8.8	0.136
729	61.87	8.5	0.138
730	62	8.3	0.151
731	62.13	8.4	0.154
732	62.26	8.2	0.16
733	62.39	8.3	0.167
734	62.52	8.4	0.161
735	62.65	8.5	0.157
736	62.78	8.4	0.152
737	62.91	8.5	0.156
738	63.04	8.6	0.156
739	63.17	8.6	0.148
740	63.3	8.7	0.153
741	63.43	8.4	0.158
742	63.57	8.6	0.16
743	63.7	8.3	0.164
744	63.83	8.4	0.165
745	63.96	8.3	0.163
749	64.48	8.2	0.181
750	64.61	8.1	0.196
751	64.74	8.5	0.175
752	64.87	8.5	0.18
753	65	8.8	0.173
757	65.52	8.8	0.188
758	65.65	8.3	0.181
759	65.78	8.2	0.179
760	65.91	8.4	0.173
761	66.04	8.4	0.194
762	66.17	8.2	0.193
763	66.3	9.1	0.215
764	66.43	8.8	0.219
765	66.57	8.9	0.197
766	66.7	8.8	0.194
767	66.83	8.7	0.2
768	66.96	8.8	0.217
769	67.09	8.4	0.213
770	67.22	8.8	0.23
771	67.35	8.9	0.237
772	67.48	7.8	0.235
774	67.74	7.8	0.245
775	67.87	7.3	0.241
776	68	7.7	0.217
777	68.13	8.6	0.218
778	68.26	8.7	0.224
779	68.39	7.5	0.221
780	68.52	7.6	0.218
781	68.65	7.5	0.198
783	68.91	8.7	0.195
784	69.04	8.8	0.189
785	69.17	7.4	0.192
786	69.3	9	0.198
787	69.43	8.8	0.194
788	69.57	7.9	0.158
789	69.7	9	0.198
790	69.83	9.2	0.198
791	69.96	8.5	0.2
792	70.09	9.1	0.203
