/* DESCRIPTION:
Reference:	Hodell, D.A., H.F. Evans, J.E.T. Channell, and J.H. Curtis. 2010. Phase relationships of North Atlantic ice-rafted debris and surface-deep climate proxies during the last glacial period. Quaternary Science Reviews, Vol. 29, pp. 3875-3886, https://doi.org/10.1016/j.quascirev.2010.09.006
Data from:	https://www.ncei.noaa.gov/access/paleo-search/study/11821. Accessed 29 Oct 2022.
Comment:	Data was not modified in any way.
*/
Depth (cm)	Age (kyrs, SFCP04)	wgt.%>63um
527	7.4007	3.1291
529.5	7.5204	4.8108
534.5	7.7599	5.4284
537	7.8796	4.7259
539.5	7.9994	6.2485
542	8.1191	2.5263
544.5	8.2388	3.4024
547	8.3586	6.2465
549.5	8.4783	6.3251
552	8.5981	6.6595
554.5	8.7178	3.8679
557	8.8375	3.8912
559.5	8.9573	8.2657
562	9.077	8.8313
564.5	9.1967	7.4877
567	9.3165	9.9483
569.5	9.4362	12.468
572	9.5559	11.667
574.5	9.6757	12.863
577	9.7954	7.8995
579.5	9.9152	10.51
582	10.035	12.541
584.5	10.155	9.5675
587	10.274	10.473
589.5	10.394	8.9301
592	10.514	14.616
594.5	10.634	17.212
597	10.753	15.858
599.5	10.873	11.928
602	10.993	9.2424
604.5	11.113	18.491
607	11.232	17.229
609.5	11.352	12.199
612	11.472	26.128
614.5	11.591	32.369
617	11.711	31.997
619.5	11.831	33.744
622	11.951	34.285
624.5	12.07	38.189
632	12.43	22.663
634.5	12.549	22.007
637	12.669	20.637
639.5	12.789	13.994
642	12.909	9.8834
644.5	13.028	10.824
647	13.148	7.3692
649.5	13.268	8.6718
652	13.388	5.8964
654.5	13.507	7.9142
657	13.627	8.7604
659.5	13.804	6.8555
662	13.98	5.8824
664.5	14.157	6.4522
667	14.334	7.2936
669.5	14.511	12.556
672	14.687	15.87
674.5	14.864	29.066
680	16.032	16.931
682.5	16.562	16.445
685	17.093	20.814
687.5	17.624	18.599
690	17.844	30.541
692.5	18.064	34.847
695	18.283	26.016
697.5	18.503	32.935
700	18.723	31.04
702.5	18.943	24.391
705	19.163	21.488
707.5	19.382	28.008
710	19.602	21.955
712.5	19.822	19.853
715	20.042	19.821
717.5	20.262	18.025
720	20.481	21.006
722.5	20.701	20.768
725	20.921	19.805
727.5	21.141	13.67
730	21.36	13.298
732.5	21.58	13.428
735	21.8	14.606
737.5	22.02	19.688
740	22.24	14.621
742.5	22.459	11.821
745	22.679	12.274
747.5	22.899	8.263
750	23.119	9.4533
752.5	23.339	13.852
755	23.558	13.471
757.5	23.778	15.662
760	23.998	12.843
762.5	24.355	14.824
765	24.713	13.714
767.5	25.07	15.499
770	25.428	13.329
772.5	25.785	12.452
775	26.142	17.853
777.5	26.5	12.617
780	26.857	14.748
782.5	27.214	16.987
785	27.572	14.981
787.5	27.929	12.883
790	28.287	16.392
792.5	28.644	14.731
795	29.001	14.701
797.5	29.359	14.153
800	29.716	13.731
802.5	30.073	13.806
805	30.431	14.679
807.5	30.788	13.229
810	31.146	14.044
812.5	31.503	15.184
815	31.86	14.056
817.5	32.218	17.077
820	32.575	12.856
822.5	32.933	10.974
825	33.29	13.751
827.5	33.647	15.164
835	34.719	17.321
837.5	35.077	12.095
840	35.434	11.243
842.5	35.792	8.1955
845	36.149	6.8334
847.5	36.506	4.1396
850	36.864	4.4104
852.5	37.221	4.161
855	37.578	6.2148
857.5	37.936	4.9699
860	38.293	6.0612
862.5	38.651	4.9822
865	39.008	4.5433
867.5	39.085	4.016
870	39.162	6.366
872.5	39.238	9.3765
875	39.315	35.098
877.5	39.392	11.265
880	39.469	12.246
882.5	39.546	14.42
885	39.622	14.871
887.5	39.699	12.408
890	39.776	14.751
892.5	40.023	17.471
895	40.27	14.652
897.5	40.517	15.233
900	40.764	15.704
902.5	41.01	18.554
905	41.257	18.012
907.5	41.504	14.876
910	41.751	17.727
912.5	41.998	21.869
915	42.245	17.384
917.5	42.492	15.64
920	42.739	15.194
922.5	42.986	15.641
925	43.233	15.979
927.5	43.479	14.614
930	43.726	15.95
932.5	43.973	15.621
935	44.22	16.591
937.5	44.467	13.419
940	44.714	11.644
942.5	44.961	8.0457
945	45.208	6.3575
947.5	45.455	6.0256
950	45.702	5.8399
952.5	45.948	5.5973
955	46.195	5.5825
957.5	46.442	4.4433
960	46.689	4.1056
962.5	46.936	3.2998
965	46.964	4.0492
967.5	46.992	4.7485
970	47.019	4.8524
972.5	47.047	6.174
975	47.075	3.0455
977.5	47.103	3.747
980	47.13	3.6145
982.5	47.158	4.3478
988	47.219	5.7286
990.5	47.247	3.0462
993	47.275	4.0409
995.5	47.303	4.0904
998	47.331	4.1889
1000.5	47.358	5.6899
1003	47.386	5.6887
1005.5	47.414	8.0324
1008	47.442	17.727
1010.5	47.469	15.172
1013	47.497	14.291
1015.5	47.525	15.463
1018	47.937	15.25
1020.5	48.349	14.881
1023	48.761	13.624
1025.5	49.173	15.821
1028	49.585	13.608
1030.5	49.997	10.06
1033	50.114	10.658
1035.5	50.23	11.022
1038	50.347	10.696
1040.5	50.463	10.436
1043	50.58	9.2255
1045.5	50.696	10.15
1048	50.813	7.3806
1050.5	50.929	6.4333
1053	51.046	7.0774
1055.5	51.162	9.6479
1058	51.279	12.96
1060.5	51.395	8.5465
1063	51.512	12.702
1065.5	51.629	10.521
1068	51.745	9.452
1070.5	51.862	7.8745
1073	51.978	8.3575
1075.5	52.095	8.4817
1078	52.211	8.2995
1080.5	52.328	7.8765
1083	52.444	8.3946
1085.5	52.561	5.5866
1088	52.677	4.6255
1090.5	52.794	4.6201
1093	52.911	4.4444
1095.5	53.027	3.7185
1098	53.144	3.7527
1100.5	53.26	2.983
1103	53.377	2.9718
1105.5	53.493	3.5672
1108	53.61	5.0283
1110.5	53.726	3.9606
1113	53.843	4.1458
1115.5	53.959	3.9742
1118	54.076	4.5565
1120.5	54.192	5.1078
1123	54.309	7.2043
1125.5	54.426	8.4298
1128	54.542	4.0544
1130.5	54.659	5.7264
1133	54.775	7.2813
1135.5	54.892	7.61
1141	55.148	8.2404
1143.5	55.265	12.498
1146	55.381	15.471
1148.5	55.498	16.341
1151	55.614	18.272
1153.5	55.731	18.776
1156	55.847	18.358
1158.5	55.964	18.797
1161	56.08	9.9619
1163.5	56.197	12.537
1166	56.291	15.2
1168.5	56.384	11.396
1171	56.478	8.1571
1173.5	56.572	8.2388
1176	56.665	10.33
1178.5	56.759	8.8282
1181	56.853	9.1281
1183.5	56.947	6.9562
1186	57.04	6.1053
1188.5	57.134	7.5416
1191	57.228	3.1551
1193.5	57.321	3.3857
1196	57.415	7.398
1198.5	57.509	8.2883
1201	57.602	10.177
1203.5	57.696	10.514
1206	57.79	9.5756
1208.5	57.883	5.2632
1211	57.977	6.126
1213.5	58.071	2.7888
1216	58.164	3.4161
1218.5	58.258	2.9334
1221	58.352	3.015
1223.5	58.446	2.0801
1226	58.539	2.6576
1228.5	58.633	7.6311
1231	58.727	6.1257
1233.5	58.82	9.8266
1236	58.914	6.428
1238.5	59.347	7.8319
1241	59.779	18.721
1243.5	60.212	14.83
1246	60.645	17.235
1248.5	61.078	13.249
1251	61.51	17.356
1253.5	61.943	14.873
1256	62.296	16.105
1258.5	62.649	13.449
1261	63.001	16.019
1263.5	63.354	12.017
1266	63.707	13.441
1268.5	64.06	13.68
1271	64.412	11.21
1273.5	64.765	11.316
1276	65.118	13.129
1278.5	65.471	13.522
1281	65.823	11.669
1283.5	66.176	14.141
1286	66.529	16.068
1288.5	66.882	10.572
1295	67.799	11.158
1297.5	68.151	2.5018
1300	68.504	2.4238
1302.5	68.857	3.0462
1305	68.998	3.281
1307.5	69.139	3.1767
1310	69.281	2.6446
1312.5	69.422	2.1379
1315	69.563	2.6217
1317.5	69.704	3.8402
1320	69.845	2.9968
1322.5	69.986	2.175
1325	70.128	2.8235
1327.5	70.269	3.4822
1330	70.41	3.3916
1332.5	70.551	2.7431
1335	70.692	1.5391
1337.5	70.833	2.2561
1340	70.975	3.4801
1342.5	71.116	3.4146
1345	71.257	1.469
1347.5	71.398	2.0311
1350	71.539	2.1898
1352.5	71.68	4.4844
1355	71.822	3.9065
1357.5	71.963	3.4622
1360	72.104	4.4807
1362.5	72.245	4.8907
1365	72.386	3.0135
1367.5	72.527	5.4739
1370	72.669	14.691
1372.5	72.81	12.613
1375	72.951	10.341
1377.5	73.03	7.4362
1380	73.108	4.1968
1382.5	73.187	5.0847
1385	73.265	3.6758
1387.5	73.344	3.0485
1390	73.423	3.3411
1392.5	73.501	4.039
1395	73.58	3.3702
1397.5	73.658	4.3538
1400	73.737	4.3701
1402.5	73.815	4.0069
1405	73.894	3.1564
1407.5	73.973	3.1778
1410	74.051	3.7202
1412.5	74.13	3.2878
1415	74.208	4.2079
1417.5	74.287	3.3491
1420	74.366	3.7195
1422.5	74.444	4.1853
1425	74.523	3.8599
1427.5	74.601	3.4492
1430	74.68	3.231
1432.5	74.882	3.7904
1435	75.084	3.9735
1437.5	75.286	4.1813
1440	75.488	4.7678
1447	76.053	2.3663
1449.5	76.255	2.7617
1452	76.457	3.9571
1454.5	76.659	2.2623
1457	76.861	2.1029
1459.5	77.062	5.8442
1462	77.264	10.887
1464.5	77.466	14.723
1467	77.668	21.074
1469.5	77.87	13.114
1472	78.072	12.389
1474.5	78.274	13.773
1477	78.476	14.48
1479.5	78.678	11.422
1482	78.88	11.669
1484.5	79.082	9.322
1487	79.283	12.701
1489.5	79.485	9.1394
1492	79.687	9.1881
1494.5	79.889	7.7965
1497	80.091	5.7444
1499.5	80.293	4.6911
1502	80.402	6.3713
1504.5	80.511	4.2478
1507	80.62	5.1515
1509.5	80.729	4.5596
1512	80.838	10.254
1514.5	80.947	6.2217
1517	81.056	4.6017
1519.5	81.165	3.0164
1522	81.274	3.0106
1524.5	81.383	3.7804
1527	81.492	5.988
1529.5	81.601	5.1561
1532	81.71	4.2362
1534.5	81.819	3.7342
1537	81.928	2.986
1539.5	82.037	3.9861
1542	82.146	2.9153
1544.5	82.256	5.1118
1547	82.365	4.2025
1549.5	82.474	2.8211
1552	82.583	3.7742
1554.5	82.692	2.3622
1557	82.801	4.3653
1559.5	82.91	2.1971
1562	83.019	4.199
1564.5	83.128	3.3711
1567	83.237	3.7832
1569.5	83.346	4.3684
1572	83.455	2.4744
1574.5	83.564	4.1138
1577	83.673	6.0893
1579.5	83.782	8.1088
1582	83.891	13.319
1584.5	84	21.998
1587	84.255	14.762
1589.5	84.51	25.934
1592	84.765	26.9
1594.5	85.02	26.446
1601	85.684	13.865
1603.5	85.939	9.364
1606	86.194	9.7248
1608.5	86.449	7.6035
1611	86.704	9.3699
1613.5	86.959	5.6841
1616	87.214	3.5549
1618.5	87.469	3.4684
1621	87.724	3.0106
1623.5	87.98	4.0547
1626	88.235	8.9704
1628.5	88.49	8.3886
1631	88.745	7.7855
1633.5	89	7.9187
1636	89.733	8.3854
1638.5	90.466	7.7644
1641	91.199	9.6011
1643.5	91.932	6.8094
1646	92.664	5.471
1648.5	93.397	7.9138
1651	94.13	17.565
1653.5	94.863	9.498
1656	95.596	6.5759
1658.5	96.329	10.379
1661	97.062	6.9012
1663.5	97.795	5.7752
1666	98.527	5.6141
1668.5	99.26	4.8544
1671	99.779	6.608
1673.5	99.977	4.685
1676	100.18	4.1027
1678.5	100.37	5.0057
1681	100.57	3.6921
1683.5	100.77	3.6145
1686	100.97	5.8295
1688.5	101.17	4.7099
1691	101.36	4.3356
1693.5	101.56	4.2806
1696	101.76	4.8241
1698.5	101.96	4.2582
1701	102.16	3.4982
1703.5	102.36	3.3684
1706	102.55	4.4006
1708.5	102.75	4.4598
1711	102.95	4.8416
1713.5	103.15	3.7274
1716	103.35	3.8038
1718.5	103.54	3.0409
1721	103.74	2.9628
1723.5	103.94	3.1234
1726	104.14	2.8728
1728.5	104.34	4.1125
1731	104.54	3.3183
1733.5	104.73	2.7393
1736	104.93	4.4331
1738.5	105.13	2.038
1741	105.33	1.9818
1743.5	105.53	2.0184
1746	105.72	3.4068
1748.5	105.92	3.1159
1753	106.28	3.0062
1755.5	106.48	4.2127
1758	106.68	2.8209
1760.5	106.87	4.5377
1763	107.07	2.4246
1765.5	107.27	19.15
1768	107.47	2.7508
1770.5	107.67	4.0725
1773	107.87	2.2353
1775.5	108.06	6.5188
1778	108.26	6.808
1780.5	108.44	13.209
1783	108.55	16.258
1785.5	108.66	7.3036
1788	108.77	5.2644
1790.5	108.88	5.3496
1793	108.99	4.9575
1795.5	109.1	4.9017
1798	109.22	3.9301
1800.5	109.33	8.5549
1803	109.44	13.472
1805.5	109.55	7.9915
1808	109.66	9.5545
1810.5	109.77	10.966
1813	109.88	8.7542
1815.5	109.99	11.121
1818	110.1	4.3142
1820.5	110.21	6.3808
1823	110.32	5.9717
1825.5	110.43	8.5387
1828	110.54	7.7916
1830.5	110.65	6.0577
1833	110.76	18.198
1835.5	110.87	21.097
1838	110.98	17.507
1840.5	111.09	10.332
1843	111.2	20.572
1845.5	111.31	19.811
1848	111.42	11.351
1850.5	111.54	6.9385
1853	111.65	20.47
1855.5	111.76	21.387
1858	111.87	16.052
1860.5	111.98	20.52
1863	112.09	11.147
1865.5	112.2	9.8482
1868	112.31	11.29
1870.5	112.42	5.0502
1873	112.53	12.757
1875.5	112.64	20.819
1878	112.75	20.841
1880.5	112.86	9.2407
1883	112.97	5.4772
1885.5	113.08	4.7249
1888	113.19	10.392
1890.5	113.3	15.652
1893	113.41	6.9475
1895.5	113.52	8.2519
1898	113.63	6.5903
1907.5	114.05	3.557
1910	114.16	5.9404
1912.5	114.28	5.161
1915	114.39	7.3273
1917.5	114.5	6.5809
1920	114.61	7.0777
1922.5	114.72	5.5788
1925	114.83	3.7386
1927.5	114.94	4.8025
1930	115.05	5.1112
1932.5	115.16	3.1449
1935	115.27	3.7473
1937.5	115.38	5.5951
1940	115.49	5.0932
1942.5	115.6	3.8593
1945	115.71	3.9174
1947.5	115.82	4.0732
1950	115.93	3.0361
1952.5	116.04	2.9639
1955	116.15	3.3664
1957.5	116.26	3.6096
1960	116.37	2.4232
1962.5	116.48	3.8449
1965	116.6	2.8013
1967.5	116.71	3.4728
1970	116.82	4.5517
1972.5	116.93	3.4601
1975	117.04	3.0748
1977.5	117.15	2.7441
1980	117.26	2.8839
1982.5	117.37	3.0201
1985	117.48	3.125
1987.5	117.59	3.0354
1990	117.7	3.7214
1992.5	117.81	3.8117
1995	117.92	4.7619
1997.5	118.03	2.34
2000	118.14	3.1751
2002.5	118.25	3.2157
2005	118.36	2.2513
2007.5	118.47	2.7087
2010	118.58	3.4725
2012.5	118.69	4.1864
2015	118.8	3.5714
2017.5	118.92	2.5469
2020	119.03	3.8835
2022.5	119.14	2.4812
2025	119.25	3.3966
2027.5	119.36	3.4817
2030	119.47	2.6316
2032.5	119.58	2.7515
2035	119.65	3.2325
2037.5	119.72	3.6715
2040	119.78	3.4704
2042.5	119.85	3.4927
2045	119.92	3.2787
2047.5	119.98	3.5414
2050	120.05	2.6309
2052.5	120.11	2.7366
2055	120.18	3.2377
2061	120.33	4.3597
2063.5	120.4	3.6632
2066	120.47	3.7951
2068.5	120.53	4.4057
2071	120.6	5.3777
2073.5	120.66	4.7003
2076	120.73	4.7734
2078.5	120.79	7.1307
2081	120.86	5.4317
2083.5	120.93	5.3882
2086	120.99	5.7368
2088.5	121.06	6.016
2091	121.12	5.8881
2093.5	121.19	6.1631
2096	121.25	6.4471
2098.5	121.32	7.395
2101	121.39	5.1786
2103.5	121.45	7.1449
2106	121.52	8.1448
2108.5	121.58	6.2841
2111	121.65	6.0874
2113.5	121.71	6.326
2116	121.78	5.353
2118.5	121.84	7.1162
2121	121.91	7.6202
2123.5	121.98	6.6996
2126	122.04	5.6346
2128.5	122.11	6.6979
2131	122.17	10.95
2133.5	122.24	14.052
2136	122.3	6.3785
2138.5	122.37	6.8539
2141	122.43	6.6283
2143.5	122.5	6.7717
2146	122.57	12.423
2148.5	122.63	5.7588
2151	122.7	11.119
2153.5	122.76	3.986
2156	122.83	8.6166
2158.5	122.89	4.8712
2161	122.96	4.7322
2163.5	123.03	6.3809
2166	123.09	4.814
2168.5	123.16	5.2009
2171	123.22	5.0439
2173.5	123.29	4.6967
2176	123.35	5.0538
2178.5	123.42	7.6268
2181	123.49	16.615
2183.5	123.55	19.446
2186	123.62	7.5329
2188.5	123.68	6.7937
2191	123.75	3.2189
2193.5	123.81	3.7936
2196	123.88	4.4017
2198.5	123.94	5.2632
2201	124.01	6.3183
2203.5	124.08	5.7089
2206	124.14	4.9301
2208.5	124.21	5.9701
2213	124.32	6.9287
2215.5	124.39	3.4981
2218	124.46	4.8402
2220.5	124.52	5.5771
2223	124.59	4.8024
2225.5	124.65	5.196
2228	124.72	6.2474
2230.5	124.78	4.7523
2233	124.85	6.5672
2235.5	124.92	6.4516
2238	124.98	6.6683
2240.5	125.05	5.5911
2243	125.11	5.9167
2245.5	125.18	4.7644
2248	125.24	5.4856
2250.5	125.31	4.7024
2253	125.38	6.0574
2255.5	125.44	5.3196
2258	125.51	5.3914
2260.5	125.57	3.879
2263	125.64	3.9763
2265.5	125.7	4.8852
2268	125.77	4.4918
2270.5	125.83	4.1242
2273	125.9	4.9348
2275.5	125.97	3.9741
2278	126.03	5.1282
2280.5	126.1	6.0723
2283	126.16	4.9839
2285.5	126.23	4.7492
2288	126.29	5.1861
2290.5	126.36	4.3347
2293	126.43	5.4705
2295.5	126.49	6.1891
2298	126.56	5.0987
2300.5	126.62	5.8565
2303	126.69	6.7992
2305.5	126.75	6.1741
2308	126.82	6.8187
2310.5	126.88	4.9633
2313	126.95	5.8732
2315.5	127.02	5.7522
2318	127.08	6.7145
2320.5	127.15	5.6477
2323	127.21	8.6566
2325.5	127.28	9.1561
2328	127.34	7.9928
2330.5	127.41	7.6961
2333	127.47	8.3271
2335.5	127.54	8.1948
2338	127.61	5.7367
2340.5	127.67	10.924
2343	127.74	21.723
2345.5	127.8	20.242
2348	127.87	18.851
2350.5	127.93	19.409
2353	128	15.215
2355.5	128.07	24.159
2358	128.13	16.335
