/* DESCRIPTION:
Reference:	Cheng, H., P.Z. Zhang, C. Spötl, R.L. Edwards, Y.J. Cai, D.Z. Zhang, W.C. Sang, M. Tan, and Z.S. An. 2012. The climatic cyclicity in semiarid-arid central Asia over the past 500,000 years. Geophys. Res. Lett., 39, L01705, doi:10.1029/2011GL050202.
Data from:	https://www.ncei.noaa.gov/access/paleo-search/study/12403. Accessed 22 Nov 2022.
Comment:	Only the composite is included here.
*/
Age (Ka BP)	Composite d18O
51.61	-7.82
51.63	-8.33
51.66	-8.59
51.68	-8.64
51.7	-8.59
51.73	-8.8
51.75	-8.84
51.78	-8.57
51.8	-8.42
51.82	-8.09
51.85	-7.75
51.87	-8.01
51.9	-8.43
51.92	-9.1
51.95	-8.96
51.97	-9.04
51.99	-8.67
52.02	-8.48
52.04	-8.03
52.07	-8.61
52.09	-8.99
52.11	-8.96
52.14	-9.24
52.16	-9.49
52.19	-9.3
52.21	-9.49
52.23	-9.53
52.26	-9.19
52.28	-8.72
52.31	-9.07
52.33	-9.24
52.35	-9.34
52.38	-9.97
52.4	-10.04
52.43	-10.37
52.45	-10.27
52.48	-9.7
52.5	-8.83
52.52	-8.66
52.55	-8.78
52.57	-9.09
52.6	-9.31
52.62	-9.26
52.64	-9.08
52.67	-8.57
52.69	-8.89
52.72	-8.64
52.74	-8.95
52.76	-9.15
52.79	-9.25
52.81	-9.45
52.84	-9.92
52.86	-10.08
52.88	-10.19
52.91	-10.29
52.93	-10.26
52.96	-10.15
52.98	-10
53.01	-10.02
53.03	-9.88
53.05	-9.82
53.08	-9.79
53.1	-9.72
53.13	-9.53
53.15	-9.5
53.17	-9.74
53.2	-9.63
53.22	-9.88
53.25	-9.71
53.27	-9.75
53.29	-9.51
53.32	-9.36
53.34	-9.15
53.37	-8.97
53.39	-8.74
53.41	-8.89
53.44	-8.44
53.46	-8.33
53.49	-8.48
53.51	-8.49
53.54	-8.56
53.56	-8.73
53.58	-8.8
53.61	-8.56
53.63	-8.32
53.66	-7.59
53.68	-7.32
53.7	-7.12
53.73	-6.83
	
70.87	-7.44
70.92	-7.85
70.98	-7.48
71.03	-7.31
71.08	-7.8
71.13	-7.4
71.18	-7.52
71.23	-7.7
71.29	-7.97
71.34	-7.96
71.39	-8.08
71.44	-8.25
71.49	-8.75
71.54	-8.93
71.59	-8.91
71.65	-8.62
71.7	-8.88
71.75	-9.07
71.8	-8.39
71.85	-7.24
71.9	-7.09
71.96	-7.61
72.01	-7.57
72.06	-7.63
72.11	-7.82
72.16	-7.7
72.21	-7.44
72.27	-7.73
72.32	-8.06
72.37	-8.29
72.42	-7.97
72.47	-7.56
72.52	-7.56
72.57	-8.17
72.63	-8.45
72.68	-8
72.73	-8.4
72.78	-8.85
72.83	-8.72
72.88	-8.38
72.94	-8.29
72.99	-8.75
73.04	-9.23
73.09	-8.89
73.14	-8.61
73.19	-8.37
73.24	-8.4
73.3	-8.97
73.35	-8.98
73.4	-8.87
73.45	-8.68
73.5	-8.69
73.55	-8.95
73.61	-9.11
73.66	-8.78
73.71	-9.14
73.76	-8.61
73.81	-8.76
73.86	-8.84
73.92	-8.96
73.97	-8.85
74.02	-9.14
	
74.12	-9.29
74.17	-9.3
74.22	-9.2
74.28	-9.33
74.33	-9.56
74.38	-9.18
74.43	-9.58
74.48	-9.7
74.53	-9.74
74.59	-9.42
74.64	-9.67
74.69	-9.7
74.74	-9.4
74.79	-9.08
74.84	-9.09
74.9	-9.69
74.95	-9.59
75	-9.71
75.05	-10.16
75.1	-9.77
75.15	-9.54
75.2	-9.84
75.26	-9.7
75.31	-9.31
75.36	-9.61
75.41	-9.36
75.46	-9.35
75.51	-9.55
75.57	-9.74
75.62	-10.08
75.67	-9.53
75.72	-9.19
75.77	-9.28
75.82	-9.66
75.87	-9.5
75.93	-9.24
75.98	-8.85
76.03	-9.21
76.08	-9.53
76.13	-9.42
76.18	-9.21
76.24	-9.24
76.29	-8.85
76.34	-9.05
76.39	-9.02
76.44	-9.13
76.49	-8.77
76.55	-8.48
76.6	-8.26
76.65	-8.2
76.7	-8.26
76.75	-8.54
76.8	-8.68
76.85	-8.1
76.91	-8.16
76.96	-8.14
77.01	-8.17
77.06	-8.25
77.11	-8.24
77.16	-8.36
77.22	-8.92
77.27	-8.88
77.32	-9.15
77.37	-9.55
77.42	-10.15
77.47	-9.99
77.53	-9.94
77.58	-10.09
77.63	-9.95
77.68	-9.83
77.73	-9.3
77.78	-9.34
77.83	-9.48
77.89	-9.44
77.94	-9.27
77.99	-9.54
78.17	-9.54
78.35	-9.37
78.53	-9.73
78.71	-10.21
78.89	-10.34
79.07	-10.22
79.25	-9.98
79.43	-10.4
79.61	-10.91
79.79	-11.45
79.97	-12.76
80.15	-11.32
80.33	-11.33
80.51	-11.36
80.69	-10.3
80.74	-10.17
80.78	-10.66
80.83	-10.08
80.87	-10.25
80.91	-10.87
80.96	-11.19
81	-10.85
81.05	-10.7
81.09	-11.17
81.14	-11.63
81.18	-11.43
81.22	-11.62
81.27	-11.57
81.31	-11.54
81.36	-11.79
81.4	-12
81.44	-11.97
81.49	-12.32
81.53	-12.65
81.58	-12.87
81.65	-12.73
81.72	-12.77
81.79	-12.67
81.86	-12.42
81.93	-12.47
82	-12.65
82.07	-12.61
82.14	-12.74
82.21	-12.41
82.28	-12.11
82.35	-12.04
82.42	-12.42
82.49	-12.86
82.56	-12.72
82.63	-12.29
82.71	-11.66
82.78	-11.2
82.85	-10.92
82.92	-10.37
82.99	-10.73
83.06	-11.2
83.13	-11.16
83.2	-10.78
83.27	-11.33
83.34	-11.27
83.41	-11.86
83.48	-11.92
83.55	-11.21
83.62	-11.21
83.69	-11.46
83.76	-11.57
83.83	-11.22
83.91	-11.63
83.98	-10.89
	
89.08	-6.94
91.09	-7.05
91.2	-6.96
91.31	-7.01
91.42	-6.92
91.53	-7.16
91.64	-7.29
91.76	-7.2
91.87	-7.21
91.98	-7.19
92.09	-7.29
92.2	-7.24
92.31	-7.23
92.42	-7.15
92.53	-7.29
92.64	-7.04
92.75	-6.95
92.87	-6.86
92.98	-6.75
93.09	-6.75
93.2	-6.84
93.31	-7.15
93.42	-7.37
93.53	-7.4
93.64	-7.62
93.75	-7.67
93.87	-7.88
93.98	-8.08
94.09	-7.99
94.2	-8.19
94.31	-8.15
94.42	-7.96
94.53	-7.61
94.64	-7.65
94.71	-7.46
94.78	-7.43
94.85	-7.43
94.92	-7.3
94.99	-7.16
95.05	-7.12
95.12	-7.11
95.19	-7.03
95.26	-7.01
95.33	-7.45
95.4	-7.67
95.47	-7.98
95.53	-7.76
95.6	-7.78
95.67	-8.14
95.74	-8.58
95.81	-8.21
95.88	-8.29
95.95	-7.99
96.01	-7.96
96.08	-7.87
96.15	-7.77
96.22	-7.81
96.29	-7.87
96.36	-8.03
96.42	-8.04
96.49	-8.14
96.56	-8.1
96.63	-8.07
96.7	-7.93
96.77	-8.06
96.84	-8.19
96.9	-8.33
96.97	-8.42
97.04	-8.51
97.11	-8.57
97.18	-8.5
97.21	-8.6
97.24	-8.5
97.28	-8.28
97.31	-8.76
97.34	-9
97.37	-8.79
97.41	-8.73
97.44	-8.37
97.47	-8.36
97.5	-8.52
97.53	-8.72
97.57	-8.6
97.6	-8.89
97.63	-9.13
97.66	-8.97
97.7	-9.29
97.73	-8.77
97.76	-8.51
97.79	-8.6
97.83	-10.26
97.86	-10.29
97.89	-8.83
97.92	-9.13
97.96	-9.29
97.99	-9.37
98.02	-9.32
98.05	-8.66
98.08	-8.79
	
98.15	-8.36
98.18	-8.23
98.21	-8.75
98.25	-8.89
98.28	-8.4
98.31	-8.53
98.34	-8.68
98.38	-8.68
98.41	-8.7
98.44	-8.94
98.47	-9.07
98.51	-9.41
98.54	-9.58
98.57	-9.71
98.6	-9.34
98.64	-9.64
98.67	-10.16
98.7	-12.2
98.73	-12.15
98.76	-12.09
98.8	-12.19
98.83	-12.43
98.86	-12.45
98.89	-9.57
98.93	-9.5
98.96	-9.38
98.99	-9.48
99.02	-9.61
99.06	-11.77
99.1	-10.73
99.14	-9.66
99.18	-9.55
	
99.27	-9.6
99.31	-9.85
99.35	-10.21
99.39	-10.27
99.44	-10.37
99.48	-10.42
99.52	-11.09
99.56	-11.76
99.6	-11.32
99.65	-11.01
99.69	-10.93
99.73	-12.27
99.77	-11.09
99.82	-10.49
99.86	-10.99
99.9	-11.18
99.94	-11.02
100	-11.14
100	-11.3
100.1	-11.13
100.1	-10.8
100.2	-11.66
100.2	-11.13
100.2	-11.5
100.3	-11.67
100.3	-11.07
100.4	-11.03
100.4	-11
100.4	-11.37
100.5	-11.17
100.5	-10.65
100.6	-10.44
	
	
100.7	-11.32
100.7	-11.02
100.8	-11.25
100.8	-11.46
100.9	-11.3
100.9	-11.49
101	-11.77
101	-11.89
101	-11.65
101.1	-11.89
	
101.2	-12.33
101.2	-12.38
	
	
101.3	-12.13
101.4	-12
101.4	-11.92
101.4	-12.05
101.4	-11.95
101.4	-11.82
101.4	-12.21
101.5	-12.24
101.5	-11.86
101.5	-11.64
101.5	-11.35
101.5	-11.66
101.5	-11.79
101.5	-12.21
101.6	-12.6
101.6	-12.61
101.6	-12.26
101.6	-11.74
101.6	-12.03
101.6	-12.67
101.6	-11.8
101.6	-11.79
101.7	-11.87
101.7	-11.83
101.7	-11.64
101.7	-12.22
101.7	-12.42
101.7	-12.25
101.7	-12.69
101.8	-12.54
101.8	-12.94
101.8	-13.04
101.8	-13.04
101.8	-12.85
101.8	-13.04
101.8	-13.48
101.8	-13.16
101.9	-13.03
101.9	-12.97
101.9	-12.56
101.9	-11.73
101.9	-12.9
101.9	-12.8
101.9	-12.57
102	-13.02
102	-13.42
102	-12.91
102	-12.75
102	-12.34
102	-12.35
102	-12.24
102.1	-12.45
102.1	-11.97
102.1	-11.94
102.1	-11.44
102.1	-11.23
102.1	-11.37
102.1	-12.03
102.1	-11.75
102.2	-12
102.2	-12.17
102.2	-12.88
102.2	-13.27
102.2	-13.43
102.2	-12.9
102.2	-12.89
102.3	-12.31
102.3	-12.39
102.3	-12.2
102.3	-12.55
102.3	-12.62
102.3	-12.71
102.4	-12.92
102.4	-12.89
102.5	-12.67
102.5	-12.25
102.5	-12.51
102.6	-12.72
102.6	-12.83
102.7	-12.74
102.7	-12.22
102.8	-12.03
102.8	-11.9
102.9	-12.07
102.9	-12.81
103	-12.98
103	-12.93
103	-12.43
103.1	-12.86
103.1	-12.83
103.2	-13.26
103.2	-13.52
103.3	-13.09
103.3	-13.31
103.4	-13.56
103.4	-12.96
103.5	-12.71
103.5	-12.74
103.6	-12.76
103.7	-12.47
103.7	-12.53
103.8	-12.62
103.8	-12.35
103.9	-12.27
103.9	-11.87
104.7	-11.75
105.5	-12.11
106.3	-12
107.1	-12.16
107.9	-12.27
108.7	-12.31
109.5	-11.69
110.4	-10.29
111.2	-9.55
112	-9.39
120.2	-10.13
120.3	-10.45
120.4	-10.76
120.5	-11.41
120.6	-11.73
120.8	-11.57
120.9	-11.55
121	-11.64
121.1	-11.51
121.2	-11.07
121.4	-12.23
121.5	-12.66
121.6	-12.76
121.7	-12.51
121.8	-11.89
122	-11.47
122.1	-11.54
122.3	-11.65
122.5	-11.65
122.6	-11.74
122.8	-11.73
123	-11.71
123.2	-11.75
123.4	-11.88
123.6	-11.74
123.7	-11.75
123.9	-11.85
124.1	-11.95
124.3	-12.08
124.5	-12.06
124.7	-11.67
124.9	-10.85
125	-8.56
	
	
	
131.9	-8.05
134.8	-8.53
137.8	-8.94
140.8	-9.27
143.8	-9.18
146.7	-8.79
149.7	-8.93
152.7	-8.92
155.7	-9
158.6	-9.13
161.6	-8.87
166.1	-8.88
170.6	-8.77
175.1	-8.75
179.7	-8.56
184.2	-7.84
185.2	-8.46
	
	
186.2	-8.04
186.3	-8.12
186.4	-8.38
186.6	-8.12
186.7	-8.01
186.8	-7.97
186.9	-8.2
187	-8.38
187.1	-8.56
187.2	-8.4
187.3	-8.33
187.4	-8.57
187.5	-8.48
187.6	-8.5
187.7	-8.35
187.8	-8.52
187.9	-8.23
188	-7.93
188.1	-8.13
188.2	-8.01
188.3	-8.09
188.4	-8.17
188.5	-8.09
188.6	-8.27
188.7	-8.27
188.8	-8.57
188.9	-8.66
189	-8.86
189.1	-8.54
189.2	-8.91
189.3	-8.94
189.4	-9.23
189.5	-9.43
189.6	-9.59
189.8	-9.31
189.9	-9.3
190	-9.05
190.1	-9.12
190.2	-9.34
190.3	-9.58
190.4	-9.4
190.5	-9.51
190.6	-9.83
190.7	-9.66
190.8	-9.57
190.9	-9.29
191	-9.2
191.1	-9.28
191.2	-9.08
191.3	-8.67
191.4	-8.39
191.5	-8.13
191.6	-8.8
191.7	-9.23
191.8	-9.46
191.9	-9.45
192	-9.47
192.1	-10.13
192.2	-10.76
192.3	-10.78
192.4	-10.91
192.5	-10.84
192.6	-10.51
192.7	-9.95
192.8	-10.2
193	-10.52
193.1	-10.54
193.2	-10.45
193.3	-10.28
193.4	-10.03
193.5	-10.7
193.6	-10.49
193.7	-10.18
193.8	-10.35
193.9	-10.13
194	-10.01
194.1	-10.28
194.2	-10.42
194.3	-10.57
194.4	-10.47
194.5	-10.64
194.6	-10.81
194.7	-11.18
194.8	-11.06
194.9	-10.8
195	-10.63
195.1	-10.67
195.2	-10.86
195.3	-11.32
195.4	-11.23
195.5	-11.19
195.6	-11.07
195.7	-10.92
195.8	-10.59
195.9	-10.87
196.3	-10.76
196.7	-10.79
197	-11.19
197.4	-10.84
197.7	-10.32
198.1	-10.82
198.5	-11.45
198.8	-11.56
199.2	-11.39
199.5	-11.75
199.9	-11.64
200.3	-11.36
200.6	-11.56
201	-11.88
201.3	-11.7
201.4	-11.54
201.4	-11.76
201.4	-11.69
201.5	-11.53
201.5	-11.82
201.5	-11.38
201.6	-10.25
201.6	-9.46
208.3	-8.74
208.4	-7.56
208.4	-7.53
208.5	-7.59
208.5	-7.74
208.5	-8.18
208.6	-8.1
208.6	-8.03
208.7	-8.19
208.7	-8.01
208.7	-7.84
208.8	-7.69
208.8	-7.43
208.9	-7.47
208.9	-7.93
208.9	-8.19
209	-8.59
209	-8.75
209.1	-8.86
209.1	-8.49
209.2	-8.4
209.2	-8.51
209.2	-8.72
209.3	-8.53
209.3	-8.39
209.4	-8.24
209.4	-8.28
209.4	-7.98
209.5	-7.84
209.5	-7.75
209.6	-8.06
209.6	-7.86
209.6	-7.65
209.7	-7.62
209.7	-7.85
209.8	-8
209.8	-8.2
209.8	-8.41
209.9	-8.5
209.9	-8.3
210	-8.3
210	-8.25
210.3	-8.38
210.6	-7.99
210.8	-7.81
211.1	-7.91
	
	
211.3	-8.01
211.6	-8.66
211.9	-8.48
212.2	-9.53
212.5	-9.41
212.8	-9.46
213.1	-9.87
213.4	-10.33
213.7	-10.15
214	-10.6
214.3	-10.24
214.6	-10.81
214.9	-10.99
215.2	-11.23
215.4	-11.17
216.4	-11.93
216.9	-11.47
217.5	-10.89
218	-10.99
218.5	-10.79
219.1	-10.91
220.3	-10.87
221.5	-10.19
222.7	-10.14
223	-10.1
	
	
223.2	-11.15
223.3	-11.7
223.4	-11.98
223.5	-11.63
223.5	-11.35
223.6	-11.21
223.7	-10.99
223.8	-10.87
223.9	-10.8
223.9	-10.84
224	-11.35
224.1	-11.44
224.2	-11.28
224.3	-10.73
224.3	-10.48
224.4	-10.39
224.5	-10.75
224.6	
224.7	-11.04
224.7	-10.84
224.8	-10.9
224.9	-10.92
225	-10.85
225.1	-10.7
225.1	-10.56
225.2	-9.89
225.3	-9.24
225.4	-8.83
225.5	-8.84
225.6	-8.71
225.6	-8.76
225.7	-9.03
225.8	-8.7
225.8	-8.79
225.9	-9.33
226	-9.73
226	-9.59
226.1	-9.66
226.2	-10.15
226.2	-10.2
226.3	
226.4	-9.5
226.4	-9.3
226.5	-9.63
226.6	-10.23
226.6	-10.09
226.7	-9.13
226.8	-8.63
226.8	-9.26
226.9	-9.13
227	-9.24
227	-9.62
227.1	-10.22
227.2	-9.84
227.2	-10.06
227.3	-10.21
227.4	-9.92
227.4	-9.39
227.5	-9.05
227.6	-8.62
227.6	-9.36
227.7	-8.78
227.8	-8.92
227.8	-9.48
227.9	-9.87
228	-9.62
228	-9.91
228.1	-9.59
228.2	-9.24
228.2	-9.17
228.3	-9.91
228.4	-9.44
228.4	-9.36
228.5	-9.13
228.6	-10.01
228.6	-9.37
228.7	-9.4
228.8	-9.09
228.8	-8.74
228.9	-7.95
229	-7.71
229	-7.4
229.1	-7.12
229.2	-7.07
229.2	-7.35
229.3	-6.98
229.4	-6.83
229.4	-7.23
229.5	-7.41
229.6	-7.23
229.6	-7.82
229.7	-7.66
229.8	-7.45
229.8	-7.53
229.9	-7.61
230	-8.08
230	-8.04
230.1	-8.1
230.2	-8.23
230.2	-8.32
230.3	-9.08
230.4	-8.29
230.4	-7.96
230.5	-7.66
230.6	-7.57
230.6	-7.38
230.7	-6.86
230.8	-7.18
230.8	-7.07
230.9	-7.07
231	-7.31
231	-6.72
231	-6.86
231.1	-6.79
231.1	-7.18
231.1	-7.55
231.1	-8.06
231.1	-7.25
231.1	-7.02
231.1	-7.21
231.2	-7.32
231.2	-7.87
231.2	-8.08
231.2	-8.46
231.2	-8.49
231.2	-8.1
231.2	-7.75
231.3	-8.02
231.3	-8.3
231.3	-7.98
231.3	-8.13
231.3	-9.09
231.3	-7.72
231.3	-7.57
231.4	-7.95
231.4	-8.17
231.4	-8.06
231.4	-7.89
231.4	-8.09
231.4	-8.19
231.4	-8.15
231.5	-8.37
231.5	-8.4
231.5	-8.47
231.5	-8.23
231.5	-7.88
231.5	-7.86
231.6	-7.75
231.6	-7.7
231.6	-7.5
231.6	-8.17
231.6	-7.92
231.6	-8.23
231.6	-7.94
231.7	-7.69
231.7	-8.24
231.7	-8.46
231.7	-8.57
231.7	-8.82
231.7	-8.4
231.7	
231.7	-8.67
231.7	-8.81
231.8	-8.66
231.8	-9.7
231.8	-8.59
231.8	-8.03
231.8	-7.86
231.8	-7.56
231.8	-7.86
231.8	-8.17
231.8	-8.19
231.9	-8.34
231.9	-8.24
231.9	-8.32
231.9	-8.11
231.9	-7.98
231.9	-8.07
231.9	-7.63
231.9	-7.59
231.9	-7.78
232	-7.8
232	-7.84
232	-7.62
232	-7.75
232	-8.05
232	-8.17
232	-8.91
232	-8.69
232	-8.16
232.1	-8.6
232.1	-8.43
232.1	-8.72
232.1	-8.61
232.1	-8.71
232.1	-8.55
232.1	-8.37
232.1	-8.41
232.1	-8.4
232.2	-8.21
232.2	-8.28
232.2	-7.85
232.2	-7.76
232.2	-7.99
232.2	-7.73
232.2	-7.96
232.2	-8.19
232.2	-8.06
232.3	-8.29
232.3	-8.23
232.3	-8.09
232.3	-7.85
232.3	-7.97
232.3	-8.25
232.3	-8.17
232.3	-7.96
232.3	-7.89
232.4	-7.88
232.4	-8.01
232.4	-7.91
232.4	-7.68
232.4	-7.47
232.4	-8.18
232.4	-7.92
232.4	-8.8
232.4	-7.99
232.5	-8.05
232.5	-7.76
232.5	-7.95
232.5	-8.63
232.5	-8.44
232.5	-7.97
232.5	-7.92
232.5	-8.06
232.5	-8.31
232.6	-8.43
232.6	-8.64
232.6	-8.47
232.6	-8.5
232.6	-8.94
232.6	-8.31
232.6	-8.42
232.6	-8.38
232.6	-8.48
232.7	-8.64
233	-8.32
233.4	-8.24
233.7	-8.46
234.1	-8.63
234.5	-8.56
234.5	-8.88
234.5	-8.62
234.6	-8.52
234.6	-8.34
234.6	-8.29
234.6	-9.07
234.7	-9.4
234.7	-9.19
234.7	-8.8
234.8	-8.96
234.8	-9.27
234.8	-9.12
234.9	-9.52
234.9	-9.22
234.9	-9.17
235	-9.54
235	-8.97
235	-8.79
235	-8.69
235.1	-8.4
	
	
	
257.2	-6.61
257.4	-8.11
257.5	-8.47
257.7	-6.54
257.8	-7.19
258	-6.48
258.2	-7.01
258.3	-6.83
258.5	-6.54
258.7	-6.98
258.8	-6.82
259	-6.78
259.2	-6.35
259.3	-6.97
259.5	-7.09
259.7	-7.44
259.8	-7.38
260	-7.31
260.2	-7.32
260.3	-7.43
260.5	-7.53
261.1	-7.44
261.8	-7.92
262.4	-7.8
263.1	-7.91
263.7	-7.96
264.4	-8.25
265.3	-7.7
266.3	-8.16
267.2	-8.13
268.2	-8.18
269.1	-8.22
270.1	-8.4
271	-7.33
272	-7.57
272.9	-7.25
273.9	-6.61
274.8	-7.31
275.8	-7.07
276.7	-6.74
277.7	-6.72
278.7	-6.94
279.6	-6.96
279.7	-6.77
279.8	-6.89
279.9	-7.48
280	-7.36
280.1	-7.36
280.2	-7.89
280.3	-7.37
280.4	-7.25
280.5	-7.8
280.6	-7.39
280.7	-7.41
280.8	-7.12
280.9	-7.39
281	-7.54
281.1	-7.65
281.2	-7.03
281.3	-7.05
281.4	-7.26
281.5	-7.41
281.6	-7.35
281.8	-7.28
281.9	-7.4
282	-7.42
282.1	-7.78
282.2	-7.53
282.3	-7.48
282.4	-8.23
282.5	-7.67
282.6	-7.52
282.7	-7.94
282.8	-7.62
282.9	-7.66
283	-8.66
283.1	-7.8
283.2	-7.9
283.3	-8
283.4	-7.68
283.5	-7.96
283.6	-7.73
283.7	-8
283.8	-8
283.9	-7.88
284	-7.9
284.1	-8.01
284.2	-8.03
284.5	-8.1
284.7	-7.84
285	-8.27
285.3	-8.15
285.5	-8.11
285.8	-8.84
286.1	-8.64
286.3	-8.91
286.6	-9.07
286.9	-9.14
287.1	-9.21
287.4	-9.22
287.7	-9.67
287.9	-9.64
288.2	-9.51
288.5	-9.84
288.7	-9.79
289	-10.23
289.3	-10.27
289.5	-10.29
289.8	-9.94
290.1	-9.9
290.3	-10.56
290.6	-10.49
290.9	-10.52
291.2	-10.36
291.4	-10.68
291.7	-10.74
292	-10.51
292.2	-10.84
292.5	-10.6
292.8	-10.71
293	-10.29
293.3	-10.86
293.6	-11
293.6	-10.84
293.6	-11.02
293.6	-10.87
293.7	-11.04
293.7	-10.55
293.7	-10.33
293.8	-9.77
293.8	-9.88
293.8	-9.34
293.9	-9.38
	
306.7	-8.09
306.9	-8.41
307	-8.39
307.2	-7.67
307.4	-7.54
307.5	-7.03
307.7	-7.09
307.9	-7.45
308	-6.99
308.2	-7.07
308.4	-7.36
308.5	-7.11
308.7	-7.2
308.9	-7.28
309.1	-7.12
309.2	-7.29
309.4	-7.35
309.6	-7.48
309.7	-7.24
309.9	-7.7
310.1	-7.87
310.2	-7.69
310.4	-8.23
310.6	-9.1
310.7	-8.69
310.9	-9.51
311.1	-9.89
311.2	-9.86
311.4	-10.27
311.6	-10.47
311.8	-10.6
311.9	-11.43
312.1	-10.67
312.3	-10.68
312.5	-10.78
312.7	-10.9
312.9	-10.76
313.1	-10.78
313.2	-10.55
313.4	-10.54
313.6	-10.53
313.8	-10.69
314	-10.58
314.2	-10.45
314.4	-10.68
314.5	-10.43
314.7	-10.6
314.9	-10.43
315.1	-10.33
315.2	-10.61
315.4	-10.43
315.6	-10.57
315.7	-10.39
315.9	-10.4
316.1	-10.56
316.2	-10.5
316.4	-10.45
316.5	-10.16
316.6	-10.04
316.6	-9.78
316.6	-9.86
316.6	-9.96
316.6	-9.89
316.6	-9.39
316.6	-9.62
316.6	-8.8
316.6	-8.78
316.6	-8.99
316.6	-8.61
316.7	-8.7
316.7	-8.84
316.7	-8.29
316.7	-7.91
316.7	-8.05
316.7	-7.77
316.7	-7.73
316.7	-7.95
316.7	-7.54
316.7	-7.58
316.7	-7.87
316.7	-7.51
316.8	-7.54
316.8	-7.92
316.8	-7.5
316.8	-7.56
316.8	-7.29
316.8	-7.19
316.8	-7.3
316.8	-7.11
316.8	-7.28
316.8	-7.18
316.9	-7.16
317.1	-7.06
317.2	-7.1
317.3	-6.91
317.4	-6.97
317.5	-6.97
317.6	-6.54
317.7	-6.7
317.8	-6.51
317.9	-6.33
318	-6.42
318.1	-6.31
318.3	-6.28
318.4	-6.27
318.5	-6.19
318.6	-6.27
318.7	-6.09
318.8	-6.18
318.9	-6.3
319	-6.47
319.1	-6.47
319.2	-6.41
319.3	-6.34
319.5	-6.3
319.6	-6.15
319.7	-6.24
319.9	-6
320.1	-6.33
320.3	-6.12
320.6	-6.32
320.8	-6.25
321	-6.25
321.2	-6.43
321.5	-6.87
321.7	-6.74
321.9	-6.81
322.1	-6.88
322.4	-6.59
322.6	-6.88
322.8	-6.32
323	-6.33
323.3	-6.51
323.5	-7.03
323.7	-7.15
323.9	-7.06
324.2	-7.03
324.4	-7.01
	
	
	
324.6	-7.75
324.7	-8.47
324.7	-8.51
324.8	-7.85
324.8	-7.81
324.9	-8.46
324.9	-7.81
325	-7.28
325	-7.55
325.1	-8.88
325.1	-9.82
325.2	-9.89
325.2	-9.83
325.3	-9.77
325.3	-9.5
325.4	-9.34
325.4	-9.35
325.5	-9.28
325.5	-9.17
325.6	-8.6
325.6	-7.83
325.7	-7.6
325.7	-8.12
325.8	-8.12
325.8	-8.19
325.9	-8.51
325.9	-8.51
326	-8.69
326	-8.66
326.1	-9.01
326.1	-9.02
326.2	-9.19
326.2	-9.53
326.3	-10.23
326.3	-9.65
326.4	-9.75
326.4	-9.44
326.5	-8.91
326.5	-8.71
326.6	-8.86
326.6	-8.98
326.7	-9.46
326.7	-9.54
326.8	-9.92
326.8	-9.29
326.9	-8.53
326.9	-8.45
327	-8.51
327	-8.66
327	-8.8
327.1	-8.98
327.1	-8.83
327.6	-9.02
328	-9.46
328.4	-9.49
328.9	-10.04
329.3	-9.95
329.7	-9.79
330.2	-9.74
330.6	-9.94
331	-9.89
331.5	-9.9
331.9	-9.43
332.3	-9.84
332.8	-9.41
333	-9.32
333.2	-9.52
333.4	-9.18
333.7	-9.61
333.9	-9.91
334.1	-10.12
334.3	-10.28
334.6	-10.3
334.8	-10.39
335	-10.57
335.2	-10.86
335.4	-10.92
335.7	-11.19
335.9	-12.03
336.1	-12.14
336.3	-11.01
	
	
358.1	-8.22
358.6	-7.86
359.1	-7.41
359.6	-7.35
360.1	-6.99
360.6	-6.89
361.1	-6.97
361.6	-7.02
362.1	-6.71
362.5	-6.9
363	-6.85
363.5	-6.89
364	-6.98
364.5	-7.24
365	-7.38
365.5	-7.11
366	-6.85
366.5	-6.81
366.9	-6.56
367.4	-6.73
367.9	-6.87
368.4	-7.15
368.9	-7.36
369.4	-7.42
369.9	-7.39
370.4	-7.33
370.8	-7.57
371.3	-8.03
371.8	-7.9
372.3	-8.6
372.8	-8.87
373.3	-8.74
373.8	-9.19
374.3	-9.01
374.8	-9.21
375.2	-9.04
375.7	-8.76
376.2	-8.6
376.7	-8.41
377.2	-8.34
377.5	-7.79
377.9	-7.78
378.2	-7.97
378.6	-8.09
378.9	-8.04
379.3	-8.12
379.6	-8
379.9	-7.7
380.3	-7.71
380.6	-7.73
381	-7.42
381.3	-7.54
381.7	-7.78
382	-8.28
382.4	-8.65
382.7	-8.71
383	-8.49
383.4	-8.52
383.7	-8.5
384.1	-8.57
384.4	-8.7
384.9	-8.54
385.3	-8.36
385.8	-7.88
386.2	-7.89
386.6	-8.26
387.1	-8.63
387.5	-8.73
388	-8.89
388.4	-8.82
388.9	-8.61
389.3	-8.48
389.8	-8.39
390.2	-8.22
390.7	-8.33
391.1	-8.76
391.6	-9.17
392	-9.29
392.5	-8.76
393.2	-8.65
394	-8.78
394.8	-9.12
395.6	-8.84
396.4	-9.3
397.2	-9.56
398	-9.73
398.8	-9.92
399.6	-10.35
400.4	-10.57
401.2	-10.5
402	-10.98
402.8	-11.13
403.6	-11.39
404.4	-11.51
405.2	-11.62
406	-11.61
	
	
406.3	-11.71
407.2	-11.35
408	-11.4
	
409.7	-11.57
410.5	-11.2
411.4	-10.75
412.2	-10.81
413.1	-10.28
413.9	-10.34
414.8	-10.03
415.6	-9.66
416.5	-9.7
417.3	-10.02
418.1	-10.21
419	-9.8
419.8	-9.74
420.7	-9.72
421.5	-9.39
422.4	-9.09
423.2	-9.1
423.5	-8.93
423.7	-8.97
423.9	-9.16
424.2	-9.48
424.4	-9.59
424.7	-9.42
424.9	-9.11
425.1	-8.85
425.4	-8.93
425.6	-8.88
425.9	-8.89
426.1	-8.9
426.4	-8.79
426.6	-8.79
426.8	-8.89
427.1	-8.98
427.3	-8.67
427.6	-9.04
427.8	-8.57
428	-8.49
428.3	-8.5
428.5	-7.81
428.8	-8.85
429	-9.19
429.2	-8.83
429.5	-9.07
429.7	-9.27
430	-9.2
430.2	-9.45
430.5	-9.45
430.7	-9.63
430.9	-9.11
431.2	-8.06
431.4	-7.85
431.7	-7.76
431.9	-7.63
432.1	-7.66
432.4	-7.79
432.6	-8.05
432.9	-7.63
433.1	-7.97
433.4	-7.67
433.6	-7.76
433.8	-8.27
434.1	-7.97
434.3	-8.05
434.6	-8.35
434.8	-8.54
435	-8.73
435.3	
435.5	-8.53
435.8	-8.15
436	-8.13
436.3	-8.2
436.5	-7.8
436.7	-8.32
437	-7.89
437.2	-8.1
437.5	-8.02
437.7	-8.18
437.9	-8
438.2	-8.1
438.4	-8.29
438.7	-8.4
438.9	-8.44
439.1	-7.93
439.4	-8.12
439.6	-8
439.9	-8.05
440.1	-8.02
440.4	-8.23
440.6	-8.34
440.8	-8.8
441.1	-8.35
441.3	-8.54
441.6	-8.34
441.8	-8.28
442	-8.11
442.3	-8.13
442.5	-7.99
442.8	-8.13
443	-8.12
443.3	-8.01
443.5	-7.92
443.7	-8.02
444	-7.98
444.2	-8.13
444.5	-8.21
444.7	-8.21
444.9	-8.3
445.2	-8.19
445.4	-8.3
445.7	-8.22
445.9	-8.28
446.2	-8.36
446.4	-8.33
446.6	-8.57
446.9	-8.14
447.1	-7.99
447.4	-8.03
447.6	-7.81
447.8	-7.83
448.1	-7.77
448.3	-7.94
448.6	-7.83
448.8	-7.95
449	-7.96
449.3	-7.92
449.5	-7.92
449.8	-8.16
450	-8.15
450.3	-8.13
450.5	-8.1
450.7	-8.23
451	-8.25
451.2	-8.17
451.5	-8.87
451.7	-8.76
451.9	-8.28
452.2	-8.5
452.4	-8.31
452.7	-8.31
452.9	-8.5
453.2	-8.45
453.4	-8.61
453.6	-8.48
453.9	-8.72
454.1	-8.56
454.4	-8.82
454.6	-8.79
454.8	-8.6
455.1	-8.43
455.3	-8.62
455.6	-8.57
455.8	-8.77
456.1	-8.76
456.3	-8.89
456.5	-8.69
456.8	-8.53
457	-8.71
457.3	-8.73
457.5	-8.6
457.7	-8.79
458	-8.75
458.2	-8.82
458.5	-8.81
458.7	-8.79
459	-8.89
459.2	-9.08
459.5	-8.68
459.8	-8.69
460	-8.71
460.3	-8.75
460.6	-8.75
460.8	-8.75
461.1	-8.68
461.4	-8.89
461.6	-8.85
461.9	-8.78
462.2	-8.84
462.4	-8.84
462.7	-8.76
463	-8.81
463.2	-8.82
463.5	-8.99
463.8	-8.77
464	-8.93
464.3	-8.91
464.6	-8.81
464.8	-8.92
465.1	-9.17
465.3	-8.97
465.6	-9.3
465.9	-9.38
466.1	-9.33
466.4	-9.69
466.7	-9.86
466.9	-9.73
467.2	-9.61
467.5	-9.29
467.7	-8.82
468	-8.92
468.3	-9.11
468.5	-8.78
468.8	-9.62
469.1	-8.55
469.3	-8.51
469.6	-8.6
469.9	-9.08
470.1	-9.34
470.4	-9.82
470.7	-9.99
470.9	-10.54
471.2	-10.91
471.5	-11.07
471.7	-11.27
472	-11.08
472.2	-11.1
472.4	-10.81
472.6	-10.12
472.8	-9.42
473	-8.83
473.3	-8.34
473.5	-8.11
473.7	-8.18
473.9	-8.25
474.1	-8.01
474.3	-7.86
474.5	-7.68
474.7	-7.93
475	-8.25
475.2	-8.15
475.4	-9.04
475.6	-8.93
475.8	-9.09
476	-9.56
476.2	-9.35
476.4	-9.33
476.6	-9.8
476.9	-9.93
477.1	-10.18
477.3	-9.65
477.5	-9.94
477.7	-9.77
477.9	-9.69
478.1	-10.07
478.3	-10.04
478.7	-10.3
479.2	-10.1
479.6	-10.41
480	-10.89
480.4	-10.83
480.8	-11.57
481.2	-11.75
481.6	-11.81
482	-11.86
482.4	-11.79
482.8	-11.82
483.2	-11.68
483.6	-11.93
484	-12.17
484.4	-11.91
484.8	-11.88
485.2	-11.73
485.6	-11.75
486	-11.56
486.4	-11.63
486.9	-11.86
487.3	-11.82
487.7	-12.01
488.1	-11.8
488.5	-11.04
488.9	-10.98
489.3	-10.98
489.7	-11.49
490.1	-11.26
490.5	-11.15
490.9	-10.95
491.3	-9.98
491.7	-9.37
492.1	-9.06
492.5	-8.43
492.9	-8.31
493.3	-7.68
493.7	-7.3
494.1	-7.71
494.5	-8.43
495	-9.9
495.4	-10.54
495.8	-10.79
496.2	-10.89
496.6	-10.1
497	-10.06
497.4	-9.62
497.8	-9.63
498.2	-9.6
498.6	-9.68
499.5	-9.98
