/* DESCRIPTION:
Reference:	Harada, N., N. Ahagon, T. Sakamoto, M. Uchida, M. Ikehara, and Y. Shibata. 2006. Rapid fluctuation of alkenone temperature in the southwestern Okhotsk Sea during the past 120 ky. Global and Planetary Change, 53, 29-46, https://doi.org/10.1016/j.gloplacha.2006.01.010
Data from:	https://www.ncei.noaa.gov/access/paleo-search/study/9096. Accessed 11 Nov 2022.
Comment:	Alkenone saturation index from the original dataset is not included here.
*/
Depth [m]	Age [kyr BP]	  Uk'37 SST [C]
0.012	0	9.1
0.162	0.26	12.9
0.237	0.39	12.8
0.312	0.52	12.9
0.387	0.65	12.9
0.464	0.78	12.8
0.54	0.92	12.7
0.614	1.05	12.3
0.689	1.18	12.7
0.763	1.3	13
0.838	1.43	13
0.914	1.57	13
0.933	1.6	12.7
1.078	1.85	12.9
1.153	1.88	13.7
1.228	1.92	12.7
1.3	1.95	12.8
1.373	1.98	12.6
1.447	2.02	12.1
1.52	2.05	12.1
1.595	2.08	12.3
1.669	2.12	12.6
1.742	2.15	11.7
1.817	2.19	11.9
1.891	2.22	11.5
1.968	2.25	12.1
2.044	2.29	12
2.117	2.32	12.7
2.191	2.36	11.9
2.264	2.39	12.1
2.339	2.42	12
2.389	2.45	12
2.413	2.46	12.3
2.563	2.52	12.6
2.639	2.56	13.1
2.714	2.59	13.1
2.79	2.63	12.8
2.865	2.66	13.2
2.94	2.7	12.9
3.015	2.73	12.6
3.09	2.76	12.9
3.166	2.8	12.6
3.241	2.83	12.8
3.316	2.87	12.5
3.392	2.9	12.1
3.466	2.94	12.5
3.542	2.97	11.8
3.62	3.01	12
3.695	3.04	12
3.772	3.07	12
3.849	3.11	11.3
3.859	3.11	11.1
4.057	3.25	11.1
4.13	3.34	11.1
4.206	3.42	11.3
4.28	3.51	11.1
4.357	3.59	11.6
4.432	3.68	11.6
4.507	3.76	11.5
4.582	3.85	11.4
4.657	3.94	11.7
4.732	4.02	11.7
4.808	4.11	11.6
4.883	4.19	11.7
4.958	4.28	11.8
5.033	4.36	11.6
5.107	4.45	11.6
5.182	4.53	11.6
5.258	4.62	11.2
5.334	4.7	11.5
5.411	4.79	11.2
5.561	4.96	12.2
5.635	5.05	11.6
5.71	5.13	12.2
5.785	5.22	12.6
5.86	5.3	11.1
5.935	5.39	12.1
6.01	5.47	11.7
6.085	5.56	11.8
6.16	5.64	12.7
6.236	5.73	12.6
6.311	5.82	12.5
6.386	5.9	12.3
6.461	5.99	11.4
6.538	6.07	11.2
6.611	6.16	12
6.686	6.24	11.5
6.686	6.24	11.6
6.761	6.33	11.6
6.761	6.33	11.6
6.836	6.41	12.5
6.91	6.5	11.9
7.06	6.67	11.9
7.135	6.75	11
7.209	6.84	11.6
7.284	6.92	11.4
7.359	7.01	10.9
7.434	7.09	11.5
7.509	7.18	11.4
7.509	7.18	11.7
7.584	7.26	11.6
7.659	7.35	12.3
7.734	7.43	11.9
7.811	7.52	12.4
7.94	7.67	11.7
8.014	7.75	12.5
8.091	7.84	11.8
8.166	7.92	11.9
8.241	8.01	12.1
8.316	8.09	11.8
8.382	8.17	10.9
8.397	8.19	11
8.545	8.34	11.4
8.62	8.42	10.4
8.695	8.5	10.8
8.768	8.58	10.4
8.843	8.65	9.4
8.917	8.73	10.9
8.991	8.81	10.6
9.064	8.89	10.8
9.139	8.96	12.3
9.214	9.04	11
9.288	9.12	11.2
9.363	9.2	11.1
9.437	9.28	10.7
9.512	9.35	11
9.586	9.43	10.8
9.66	9.51	10.8
9.735	9.59	10.5
9.81	9.67	11.1
9.877	9.74	10.8
9.9	9.76	10.6
10.041	10.19	10.9
10.118	10.42	10.5
10.193	10.65	12.9
10.268	10.88	13.4
10.344	11.11	11
10.42	11.35	10.4
10.495	11.58	11.3
10.569	11.8	10.8
10.644	12.03	12.1
10.721	12.27	10.5
10.795	12.49	9.9
10.87	12.72	9.6
10.947	12.96	9.2
11.021	13.18	9.4
11.096	13.41	9.2
11.17	13.64	10.9
11.246	13.87	15.8
11.322	14.1	11.2
11.322	14.1	11.2
11.387	14.3	9.9
11.537	14.76	7.8
11.609	14.98	7.6
11.683	15.2	7.4
11.758	15.43	8.1
11.832	15.66	7.9
11.906	15.88	7.9
11.98	16.11	10.8
12.053	16.33	6.9
12.126	16.56	13.5
12.2	16.78	11
12.2	16.78	13.7
12.274	17.01	13.4
12.347	17.23	13.9
12.347	17.23	13.3
12.347	17.23	13.7
12.42	17.45	13.6
12.42	17.45	13.5
12.493	17.68	13.2
12.493	17.68	13.9
12.567	17.9	13.2
12.567	17.9	13.7
12.567	17.9	12.9
12.64	18.12	13.5
12.714	18.35	15.3
12.788	18.58	15.4
12.863	18.81	14.1
12.888	18.88	14.2
13.04	19.35	13.7
13.113	19.57	11.5
13.188	19.8	13.8
13.262	20.02	13.1
13.336	20.25	10.8
13.41	20.48	13.5
13.485	20.71	12.7
13.559	20.93	13.1
13.632	21.16	12.8
13.708	21.39	12.8
13.781	21.61	12.6
13.855	21.84	12.3
13.93	22.06	12.9
14.004	22.29	13.1
14.079	22.52	12.7
14.152	22.74	12.1
14.226	22.97	12.3
14.301	23.2	13.5
14.372	23.41	13
14.392	23.47	13.9
14.54	23.78	13
14.614	23.89	12.8
14.688	23.99	13.4
14.761	24.09	12.9
14.761	24.09	13
14.835	24.19	12.5
14.909	24.3	13.8
14.983	24.4	13.2
15.056	24.5	12.7
15.13	24.6	11.4
15.203	24.71	12.9
15.277	24.81	13.4
15.352	24.91	14
15.426	25.02	12.8
15.5	25.12	12.1
15.574	25.22	13.6
15.647	25.32	14.4
15.72	25.43	13.3
15.795	25.53	13.9
15.795	25.53	12.7
15.865	25.63	13
15.884	25.66	11.1
16.032	25.86	15.1
16.032	25.86	16.2
16.106	25.96	10.7
16.18	26.07	14.5
16.254	26.17	12.7
16.327	26.27	11.1
16.401	26.38	11.6
16.476	26.48	11.4
16.55	26.58	7.5
16.624	26.69	12.4
16.696	26.79	14
16.77	26.89	11.8
16.844	26.99	10.6
16.917	27.09	9.5
16.992	27.2	14.6
17.065	27.3	14.4
17.139	27.4	15.3
17.213	27.51	12.7
17.288	27.61	14.8
17.363	27.72	14.9
17.533	27.96	13.7
17.608	28.07	10.6
17.829	28.41	12.5
17.904	28.52	11.4
17.978	28.63	12.3
18.051	28.74	10.3
18.126	28.85	8.1
18.2	28.97	8.2
18.276	29.08	8.6
18.351	29.19	10.8
18.427	29.31	11.3
18.499	29.42	9.7
18.575	29.53	9.7
18.649	29.64	13.7
18.725	29.76	10.1
18.795	29.86	10.1
18.812	29.89	10.8
18.962	30.11	10.3
19.037	30.23	12.4
19.111	30.34	11
19.185	30.45	11.5
19.258	30.56	10.9
19.331	30.67	9.8
19.331	30.67	10.7
19.331	30.67	11.3
19.407	30.78	10.5
19.48	30.89	6.8
19.555	31.01	9.1
19.629	31.12	8
19.703	31.23	7.3
19.777	31.34	8.3
19.85	31.45	8.9
19.923	31.56	7.5
19.998	31.67	8.2
20.071	31.78	7.3
20.147	31.9	9.4
20.221	32.01	11.6
20.248	32.05	13.3
20.323	32.16	10.4
20.546	32.5	11.2
20.62	32.7	12.2
20.769	33.1	12.8
20.844	33.3	14.2
20.919	33.5	7.9
20.945	33.57	15
21.097	33.97	12.3
21.172	34.17	10.3
21.247	34.38	12.3
21.322	34.58	11.4
21.397	34.78	9.7
21.469	34.97	10.7
21.542	35.16	9.1
21.616	35.36	10.1
21.689	35.56	13
21.763	35.75	11.5
21.835	35.95	10.8
21.909	36.14	9.8
21.982	36.34	8.8
22.059	36.55	9.3
22.136	36.75	10.3
22.209	36.95	10
22.228	37	12.8
22.377	37.4	13.8
22.377	37.4	14.7
22.453	37.61	14.1
22.527	37.82	13.9
22.603	38.02	11.8
22.678	38.23	8.1
22.752	38.43	10.6
22.827	38.64	8.5
22.901	38.84	10.1
22.974	39.04	8.2
23.049	39.25	8
23.124	39.46	7.8
23.197	39.66	7.3
23.273	39.86	9.4
23.348	40.07	6.6
23.425	40.28	7.6
23.498	40.48	7.1
23.574	40.69	7.5
23.632	40.85	13.4
23.787	41.22	11.7
23.86	41.39	7
23.934	41.56	7.2
24.008	41.73	12.7
24.085	41.91	5
24.159	42.08	10.6
24.233	42.25	12.6
24.306	42.42	9.1
24.379	42.59	9.9
24.454	42.76	8.6
24.527	42.93	10.3
24.602	43.11	10
24.677	43.28	9.9
24.863	43.96	8.4
24.935	44.29	8.6
25.01	44.62	8.3
25.083	44.95	7.9
25.157	45.29	7.4
25.235	45.64	7.8
25.308	45.97	7.3
25.382	46.3	7.8
25.458	46.64	7.2
25.532	46.98	7.6
25.607	47.31	7.7
25.674	47.62	7.6
25.718	47.81	8.1
25.866	48.48	7.8
25.944	48.83	9.2
26.015	49.15	7.7
26.077	49.43	7.9
26.167	49.84	7.5
26.241	50.17	11.8
26.316	50.51	11.9
26.39	50.84	6.8
26.465	51.18	13.1
26.538	51.51	9.7
26.613	51.84	9.5
26.687	52.18	9.8
26.762	52.52	7.9
26.836	52.85	9.7
26.912	53.19	9.9
26.984	53.52	11.6
27.063	53.87	9.7
27.137	54.2	7.5
27.289	54.89	7.6
27.363	55.22	10.1
27.439	55.54	7.9
27.514	55.78	7.3
27.589	56.03	7
27.663	56.28	7.2
27.737	56.53	7.5
27.812	56.77	7.4
27.887	57.02	7.8
27.961	57.27	6.7
28.035	57.52	7.2
28.108	57.76	7.6
28.184	58.01	8.2
28.247	58.22	7.4
28.401	58.73	10
28.477	58.99	8.5
28.551	59.23	9.2
28.627	59.48	9.7
28.701	59.73	7.8
28.775	59.97	8.7
28.849	60.22	8.6
28.924	60.47	8.7
28.998	60.72	7.9
29.074	60.97	8.4
29.147	61.21	8.8
29.221	61.46	8.3
29.295	61.7	8
29.366	61.94	7.9
29.44	62.19	7.3
29.462	62.26	6.9
29.535	62.5	6.9
29.687	63.01	7
29.762	63.26	5.8
29.835	63.5	6.8
29.91	63.75	6.6
29.986	64	6.4
30.059	64.24	6.4
30.134	64.49	6.4
30.207	64.73	6.8
30.283	64.99	6.6
30.357	65.23	6.1
30.43	65.48	6.4
30.505	65.72	6.4
30.578	65.97	6.2
30.602	66.05	6.4
30.624	66.12	6.5
30.771	66.61	6.1
30.845	66.86	5.9
30.92	67.1	6.1
30.994	67.35	6.2
31.069	67.6	6.5
31.144	67.85	5.9
31.217	68.09	5.8
31.292	68.34	6.1
31.366	68.59	6
31.439	68.83	6.1
31.665	69.22	6.1
31.665	69.22	6.2
31.713	69.3	6
31.788	69.43	6.5
31.861	69.56	6.5
31.936	69.68	6.9
32.01	69.81	7.6
32.084	69.94	7.4
32.158	70.07	6.9
32.229	70.19	7
32.306	70.32	6.8
32.381	70.45	6.8
32.453	70.57	6.2
32.527	70.7	6.8
32.601	70.83	6.4
32.674	70.95	6.9
32.748	71.08	6.9
32.822	71.21	6.8
32.993	71.5	6.7
33.143	71.76	6
33.216	71.89	6.8
33.288	72.01	7.2
33.36	72.13	7.2
33.435	72.26	7.8
33.509	72.39	8.2
33.583	72.52	8.2
33.656	72.64	8.1
33.73	72.77	6.5
33.802	72.89	7.9
33.875	73.02	7.8
33.949	73.15	6.8
34.023	73.27	7.7
34.095	73.4	7.2
34.171	73.53	7.2
34.243	73.65	7.4
34.316	73.78	7.5
34.391	73.91	7.6
34.467	74.04	7.5
34.493	74.08	7.6
34.64	74.34	7.5
34.714	74.46	7.3
34.789	74.59	7.4
34.862	74.72	7.5
34.936	74.85	7.9
35.01	74.97	7.6
35.085	75.1	7.8
35.161	75.23	6.8
35.236	75.36	6.7
35.307	75.48	6.5
35.383	75.61	6.2
35.457	75.74	6.3
35.53	75.87	6.4
35.604	75.99	6.9
35.678	76.12	6.4
35.733	76.22	7.2
35.808	76.35	8.1
35.833	76.39	7.5
35.982	76.65	7.8
36.129	76.9	7.4
36.203	77.02	7.9
36.279	77.16	8
36.357	77.29	8.6
36.432	77.42	8.7
36.508	77.55	8.8
36.583	77.68	8.3
36.659	77.81	8.1
36.729	77.93	8.2
36.802	78.06	8.5
36.877	78.18	8.9
36.95	78.31	9.1
37.027	78.44	8.7
37.098	78.57	8.7
37.174	78.69	8.9
37.299	78.91	10
37.324	78.95	9.8
37.374	79.04	10.2
37.448	79.17	10.1
37.521	79.31	10.7
37.594	79.49	10.5
37.669	79.68	10.8
37.741	79.86	11.1
37.815	80.04	10.7
37.888	80.23	10.8
37.963	80.41	11.1
37.963	80.41	10.8
38.114	80.79	11
38.188	80.97	11.1
38.263	81.16	11.1
38.335	81.34	11.1
38.408	81.52	11.5
38.548	81.87	11.2
38.695	82.24	11.7
38.769	82.42	11.4
38.843	82.61	11.2
38.916	82.79	10.9
38.99	82.97	10.9
39.063	83.16	10.9
39.137	83.34	10.7
39.211	83.53	10.7
39.286	83.71	10.3
39.358	83.89	9.2
39.431	84.07	9.6
39.504	84.25	9.5
39.578	84.44	9.8
39.651	84.62	9.4
39.724	84.8	9.4
39.797	84.99	9.3
39.871	85.17	9
39.946	85.36	8.6
40.054	85.63	10.7
40.123	85.8	9.2
40.277	86.18	9.1
40.429	86.56	10.6
40.579	86.94	10
40.654	87.12	11.4
40.728	87.31	10.3
40.802	87.49	11.3
40.875	87.67	11.2
40.95	87.86	10.8
41.02	88.06	9.6
41.168	88.64	9.7
41.243	88.93	9.4
41.317	89.22	10.2
41.334	89.29	10.4
41.343	89.32	9.4
41.486	89.89	9.6
41.56	90.18	9.3
41.634	90.47	9.6
41.708	90.76	9.8
41.782	91.02	10.7
41.856	91.24	11.2
41.93	91.45	9.9
42.005	91.67	9.4
42.079	91.88	10
42.153	92.09	9.7
42.226	92.31	9.1
42.3	92.52	9
42.374	92.73	9.3
42.447	92.95	9.4
42.522	93.16	9.5
42.597	93.38	9.8
42.666	93.58	9.2
42.685	93.63	9
42.833	94.06	9.4
42.906	94.27	9.8
42.979	94.48	10.1
43.054	94.7	10.6
43.128	94.92	10
43.203	95.13	10.6
43.277	95.35	10.7
43.352	95.56	10.8
43.427	95.78	10.6
43.501	95.99	10.6
43.576	96.21	10.7
43.649	96.42	10.9
43.723	96.64	10.4
43.797	96.83	9.4
43.87	97.04	11.1
43.944	97.24	11.5
44.018	97.45	11.4
44.116	97.73	11.3
44.162	97.86	8.8
44.185	97.92	10.7
44.339	98.35	11.4
44.415	98.57	11.1
44.49	98.78	11
44.565	98.99	12.2
44.638	99.2	10.9
44.713	99.41	13.7
44.787	99.62	11.9
44.862	99.83	11.3
44.936	100.03	10.3
45.011	100.25	11.9
45.086	100.46	14.6
45.16	100.66	11.9
45.234	100.87	11.2
45.383	101.29	11.7
45.457	101.5	12.6
45.532	101.71	11.5
45.606	101.92	11.2
45.682	102.13	11.6
45.744	102.31	11.7
45.893	102.73	12
45.968	102.94	12.6
46.043	103.15	13
46.118	103.33	11.6
46.192	103.46	12.5
46.266	103.59	12.3
46.341	103.72	13.1
46.412	103.84	13
46.488	103.97	13.1
46.562	104.1	13.1
46.636	104.23	13.6
46.709	104.35	13.7
46.784	104.48	13.3
46.859	104.61	11.9
46.859	104.61	11.8
46.933	104.74	14.1
47.007	104.87	13.5
47.082	105	15.2
47.157	105.13	15.1
47.224	105.24	13.7
47.24	105.27	13.8
47.39	105.53	14.1
47.463	105.66	14
47.54	105.79	13.7
47.614	105.92	13.2
47.688	106.04	14
47.762	106.17	14.3
47.836	106.3	13.6
47.91	106.43	13.3
47.984	106.55	12.8
48.059	106.68	13.7
48.133	106.81	13.8
48.207	106.94	11.9
48.283	107.07	12.4
48.357	107.2	12.1
48.431	107.33	12.3
48.504	107.45	12.6
48.578	107.58	11.3
48.651	107.71	12.3
48.741	107.86	9
48.816	107.99	12.1
48.89	108.12	12.7
48.965	108.25	13.1
49.039	108.38	14.8
49.113	108.5	15.1
49.188	108.63	14.8
49.263	108.76	15.6
49.336	108.89	15.4
49.411	109.02	15.2
49.485	109.15	13.7
49.56	109.27	14.6
49.634	109.4	14.7
49.708	109.53	14.3
49.783	109.66	14.4
49.856	109.79	13.9
49.932	109.92	14.6
50.005	110.04	14.3
50.079	110.17	14.4
50.154	110.3	14.1
50.288	110.53	13.6
50.311	110.57	13.4
50.387	110.7	11.6
50.461	110.84	12.7
50.61	111.16	14.5
50.684	111.32	14.4
50.761	111.49	13.9
50.832	111.64	15
50.907	111.8	16.1
50.983	111.96	14.6
51.057	112.12	15.1
51.129	112.28	14.8
51.207	112.44	15.1
51.281	112.6	12.7
51.357	112.77	14.2
51.428	112.92	14.2
51.501	113.07	13.8
51.575	113.23	12.7
51.649	113.39	11.8
51.724	113.55	10.7
51.796	113.71	8.6
51.944	114.03	10.1
52.018	114.18	11.2
52.093	114.34	10.4
52.167	114.5	9.9
52.242	114.66	10.6
52.317	114.83	9.4
52.393	114.99	9.7
52.468	115.15	9.1
52.542	115.31	9
52.617	115.97	10
