/* DESCRIPTION:
Reference:	Nuernberg, D., M. Ziegler, C. Karas, R. Tiedemann, and M. Schmidt. 2008. Interacting Loop Current variability and Mississippi River discharge over the past 400 kyr. Earth and Planetary Science Letters, 272(1-2), 278-289, https://doi.org/10.1016/j.epsl.2008.04.051.
Data from:	https://www.ncei.noaa.gov/access/paleo-search/study/6417
Comment:	Empty data points were removed.
*/
Depth [cm]	Age [ka]	d18O (G.ruber w.)	d18O (G. crassaf.)	d18O (U.peregr.)	SST [C] from Mg/Ca	Coarse carb. [%]
5	1239	-1.27		3.041	25.75	23.005
10	1427	-1.228		2.967	24.48	22.268
15	1615	-0.778		3.024	25.21	26.442
20	1803	-1.353		2.972	26.1	21.095
25	1991	-1.105		3.008	25.46	41.634
30	2144	-1.143		3.137	24.32	16.881
35	2297	-0.977		3.039	25.39	22.176
40	2450	-1.206			25.64	23.84
45	2604	-0.846		2.954	26.39	31.048
50	2757	-0.924		2.911	26.24	26.679
55	2910	-0.912		3.02	25.77	24.921
60	3063	-1.254		2.85	25.63	23.173
65	3370	-1.178		2.952	27.3	24.863
70	3677	-1.238		2.952	27.18	33.164
75	3983	-1.59		2.996	26.56	31.504
80	4290	-1.062		2.877	25.72	25.358
85	4597	-0.884		2.917	26.51	23.444
90	4904	-1.476		2.834	26.87	22.672
95	5211	-1.262		2.857	26.42	24.754
100	5517	-0.771		2.967	26.65	27.293
105	5824	-0.898		2.898	25.69	24.214
110	6131	-0.848		2.821	27.28	35.253
115	6298	-1.062		2.922	26.89	20.906
120	6465	-0.833		2.996	26.25	22.573
125	6633	-0.949		2.967	26.84	26.36
130	6800	-1.07		2.91	26.97	24.457
135	6967	-0.984		2.894	26.87	28.87
140	7134	-0.965	1.225	3.155	27.01	28.519
142	7200.8		1.452			
143	7234.2		1.466			
144	7267.6		1.47			
145	7301	-0.901	1.381	2.953	27.24	30.41
153	7569		1.587			
155	7636	-0.912	1.299	2.986	27.1	26.465
156	7669		1.295			
157	7702.8		1.395			
158	7736		1.749			
159	7769.6		1.31			
160	7803	-1.012	1.2	2.919	26.54	31.323
161	7868.8		1.187			
162	7934.6		1.698			
163	8000.4		1.319			
164	8066		1.552			
165	8132	-1.105	1.051	2.956	27.25	
166	8197.8		1.286			
167	8263.6		1.447			
168	8329		1.319			
169	8395.2		1.166			
170	8461	-0.911	1.63	3.005	27.15	29.579
171	8526.6		1.474			
172	8592		1.184			
173	8657.8		1.399			
174	8723.4		1.495			
175	8789	-1.326	0.951	2.92	27.78	26.126
176	8854.8		1.648			
177	8920.6		1.211			
178	8986.4		1.36			
179	9052.2		1.547			
180	9118	-0.72	1.149	3.06	26.46	30.253
181	9183.8		1.357			
182	9249.6		1.193			
183	9315.4		1.366			
185	9447	-1.112	1.221	2.988	27.04	38.353
187	9583		1.283			
188	9651		1.617			
189	9719		1.631			
190	9787	-0.884	1.311	3.552	26.36	35.204
195	10126	-0.804		3.198	27.01	35.78
200	10466	-0.984	1.283	3.282	26.4	23.609
205	10806	-0.539	2.147	3.58	25.99	20.1
210	11146	-0.859	1.745	3.806	26.06	21.884
215	11485	-0.519	1.881	3.698	25.78	19.434
220	11825	-1.182	1.909	3.64	25.69	
225	12165	-0.833	1.726	3.761	25.39	17.758
230	12505	-0.749	1.829	3.807	26.02	21.721
235	12844	-0.43	1.554	3.513	25.28	16.423
240	13184	-0.636	1.946	3.385	25.99	25.919
245	13524	-1.162	1.948	3.803	24.55	17.062
246	13592		2.509			
247	13660		1.995			
248	13728		1.958			
250	13864	0.043	1.964	3.618	25.07	11.09
252	13999.6		2.131			
253	14067.4		2.032			
255	14203	-0.443	1.876	3.276	25.38	13.908
257	14339		2.285			
258	14407		2.655			
260	14543	-0.012	2.318	3.908	25	16.196
262	14679		2.392			
263	14747		2.377			
265	14883	-0.413	2.161	3.864	24.76	10.783
267	15019		2.729			
268	15087		2.423			
270	15223	0.23	2.316	3.914	24.02	10.87
272	15358.6		2.75			
273	15426.4		2.474			
275	15562	0.191	2.307	4.033	24.61	12.654
277	15698		2.612			
278	15766		1.96			
280	15902	-0.066	2.712	4.326	24.04	10.431
282	16038		2.708			
283	16106		2.602			
285	16242	-0.513	2.869	4.44	24.2	10.137
287	16378		2.449			
288	16446		2.456			
290	16582	0.522	2.416	4.407	24.68	6.706
292	16717		2.833			
293	16785.4		2.869			
295	16921	0.292	2.714	4.209	24.08	11.742
302	17397	0.242	2.478	4.297	23.22	11.931
305	17601	0.229	2.793		23.89	7.732
310	17941	0.595	2.631		24.26	10.688
315	18280	0.091	2.493	4.292	23.74	11.405
320	18620	0.256	2.612	4.386	23.47	6.962
325	18960	0.31	2.444	4.333	22.41	7.956
330	19300	0.044	2.737	4.3	23.06	9.329
335	19639	-0.373	2.528	4.448	23.83	9.596
340	19979	0.244	2.796	4.221	23.78	11.649
345	20130	0.103	2.915	4.446	22.12	5.568
350	20280	-0.084	2.977	4.387	21.75	8.649
355	20431		2.826	4.425	21.68	6.606
360	20582	0.332	2.629	4.384	21.6	4.259
365	20732	0.021	2.544	4.342	22.41	6.753
370	20883	-0.976	2.299	3.166		1.839
375	21034	0.678	3.414	4.412	21.04	0.754
380	21184	-0.086	2.811	4.156	21.05	7.994
385	21335	0.043	1.935	4.434	22.17	12.641
390	21486	0.783		4.395	21.65	0.198
395	21636	0.061	2.978	4.192	20.94	8.512
400	21787	0.601	2.802	4.795	24.13	2.152
405	21938	0.559	3.749		23.31	1.101
410	22088	-0.347	2.443	3.947	23.96	4.597
415	22239	0.342	2.198	4.581	25.08	1.887
420	22390	0.131		4.481	24.55	0.389
425	22540	-0.334		4.687	22.11	2.108
430	22691	-0.24		4.361	22.56	5.501
435	22842	-0.019		4.25	22.42	5.307
440	22992	0.368		4.269	22.55	8.545
445	23143	-0.076		4.235	23.97	8.218
448	23234	0.006		4.261	22.28	10.332
452	23354	0.65		4.671	24.44	0.916
455	23444	-0.081		4.244	23.89	
460	23595	1.007		4.036	23.45	0.904
465	23746	0.27		3.905	24.45	
470	23897	0.903		3.939	22.52	4.018
475	24047	0.5		4.014	23.03	3.222
480	24198	0.745		3.93	22.74	0.955
485	24349	0.033		4.185	23.7	1.093
490	24499	-0.166		3.873	23.72	1.625
495	24650	0.099		4.071	22.81	1.151
500	24801	0.412		4.29	24.03	3.63
505	24951	0.753		4.278	22.78	4.704
510	25102	0.283		4.24	23.55	2.445
515	25253			3.999	23.23	0.368
520	25403	-0.115		4.472	22.47	1.407
525	25554	0.383		4.215	22.86	0.169
530	25705	0.47		4.047	24.61	5.914
535	25855	0.441		4.303	22.69	3.283
540	26006	-0.028		4.317	23.19	1.033
545	26157			4.21	25.08	0.338
550	26307	0.364		4.082	23.78	7.293
555	26458	-0.539		3.877	23.9	2.953
560	26609	0.685		4.043	23.57	1.717
565	26759	0.593		3.991	23.02	
570	26910	0.708		4.168	21.83	2.111
575	27061	0.75		4.566	23.22	0.252
580	27211	0.893		4.123	22.45	2.253
585	27362	0.596		4.182	22.64	3.034
590	27498	0.765		4.385	21.84	0.203
595	27635	0.583		4.154	22.27	8.158
598	27717	0.427		4.297	22.73	2.644
603	27853	0.366		4.323	23.62	2.19
605	27908	0.385		4.214	22.6	1.917
610	28044	0.24			21.87	1.717
615	28181	0.143		4.435	23.17	
620	28317	0.945		4.24	21.73	2.492
625	28454	0.319		4.124	21.73	3.468
630	28590			4.374	22.21	0.795
635	28727			4.402		0.473
640	28863	0.32		4.214	22.94	0.768
645	29000	0.087		4.194	21.56	2.996
650	29136	0.344		4.342	22.51	2.58
655	29273	0.072		4.266	23.05	4.357
660	29409	-0.417		4.126	23.42	3.841
665	29546	-0.079		4.205	21.1	
670	29682	0.385		4.174	21.83	2.672
675	29819	0.432		4.23	21.68	0.736
680	29955	0		4.213	22.12	5.997
685	30092	0.363		4.128	22.4	6.003
690	30228	0.261		4.011	21.67	
695	30365	0.225		4.371	21.95	3.324
700	30501	0.023		4.459	24.09	8.612
705	30638	-0.17		4.384	23.63	4.979
710	30774	0.173		4.3	23.68	5.248
715	30911	0.162		4.109	22.5	3.114
720	31047	0.136		3.799	23.25	3.688
725	31184	0.196		3.944	23.29	2.495
730	31320	0.935		4.007	23.05	3.608
735	31457	0.317		4.086	23.35	3.33
740	31593	0.159		4.063	22.7	2.167
745	31730	0.64		4.332	22.49	2.087
748	31812	0.679		4.512	22.34	3.697
752	31921	-0.108		4.415	22.62	3.497
755	32003	0.051		4.33	23.69	2.921
760	32139	0.118		4.118	23.59	
765	32276	0.193		3.951	24.55	1.951
770	32412	0.129		3.888	23.24	1.474
775	32549	-0.271		3.741	25.56	0.774
780	32685	0.033			23.6	1.004
785	32822	-0.028		3.778	23.72	0.965
790	32958	-0.001		3.805	24.54	1.543
795	33095			4.128		0.186
800	33231	0.571		3.862	23.45	0.98
805	33368	0.489		3.727	24.04	0.364
810	33504	0.478		3.758	23.46	4.4
815	33641	0.575		3.764	24.52	
820	33777	-0.295		3.895	24.65	1.409
825	33914	0.688		3.637	24.76	2.96
830	34050	0.438		3.844	24.54	2.506
835	34187	0.429		3.677	22.68	
840	34323	0.103		4	24.34	5.035
845	34460	0.095		4.049	23.95	13.144
850	34596	-0.59		4.117	24.6	11.304
855	34733	-0.634		4.003	24.47	10.682
860	34869	-0.289		3.685	24.52	16.925
865	35006	-0.181		4.136	24.26	15.947
870	35142	-0.158		4.17	24.44	13.308
875	35279	-0.102		4.21	24.93	18.568
880	35415	-0.19		3.936	25.49	24.969
885	35777	-0.414		4.132	24.47	16.874
890	36139	0.128		4.043	25.56	16.999
895	36501	-0.086		3.942	24.77	
898	36718	-0.936		3.893	24.36	12.685
902	37008	0.178		3.58	25.43	13.078
905	37225	-0.379		4.038	24.15	14.263
910	37587	0.009		3.69	26.67	12.593
915	37949	-0.035		3.701	24.75	11.195
920	38311	0.006			24.15	10.513
925	38673	0.21		4.011	25.73	16.488
930	39035	0.144		3.899	24.69	12.922
935	39397	-0.588		4.044	24.85	22.198
940	39759	-0.149		9.309	23.59	18.619
945	40121	-0.229		4.142	23.8	16.948
950	40483	-0.157		3.903	24.73	14.235
955	40845	-0.865		4.01	24.44	
960	41208	0.032		4.018	24.09	20.59
965	41570	-0.027		4.125	25.04	14.076
970	41932	-0.119		4.076	23.1	21.556
975	42294	-0.593		4.033	23.84	14.024
980	42656	-0.041		3.385	22.55	9.168
985	43018	-0.153		3.45	25.31	6.873
990	43380	-0.04		3.868	22.65	5.711
995	43742	-0.089		3.947	22.67	8.504
1000	44104	0.399		4.034	22.11	13.942
1005	44466	-0.093		4.082	22.42	9.903
1010	44828	-0.028		4.157	22.96	23.402
1015	45190	-0.023		3.893	23.51	23.296
1020	45552	-0.557			24.43	29.667
1025	45914	-0.918		4.087	26.63	30.133
1030	46276	-1.237		3.847	24.56	23.693
1035	46638	-0.889		4.048	25.35	28.716
1040	47000	-0.338		4.009	25.57	24.48
1045	47556	0.166		3.999	24.82	30.365
1048	47889	-0.267		4.001	23.33	31.301
1052	48333	-0.57		4.083	24.42	
1055	48667	-0.06		3.951	25.2	24.308
1060	49222	-0.174		3.769	24.53	28.915
1065	49778	0.019		3.943	24.08	22.423
1070	50333	-0.052		2.57	24.9	6.373
1075	50889	-0.7		3.73	24.82	17.715
1080	51444	-0.486		3.315	25.58	21.749
1085	52000	-0.316		3.274	25.84	14.597
1090	52556	-0.712		3.405	25.59	11.688
1095	53111	0.267		3.437	24.62	
1100	53667	0.529		3.613	24.7	15.488
1105	54222	-0.037		3.626	24.87	
1110	54778	0.586		3.597	26.93	22.367
1115	55333	0.766		3.773	25.22	16.466
1120	55889	-0.129		3.764	24.29	15.198
1125	56444	0.091		3.83	24.54	22.129
1130	57000	0.531		4.027	24.4	14.322
1135	57556	-0.131		4.19	24.07	10.278
1140	58111	0.068		3.803	26.11	11.284
1145	58667	0.251		4.071	24.61	5.701
1150	59222	0.548		4.001	25.04	8.895
1155	59778	0.683		3.943	24.57	7.388
1160	60333	0.224		3.776	24.06	12.103
1165	60889	-0.114		3.973	25.58	11.537
1170	61444	0.576		3.945	25.08	13.938
1175	62000	0.533		3.958	24.44	13.416
1180	62556	0.533		3.957	24.26	16.503
1185	63111	0.391		3.734	24.99	16.843
1190	63667	0.301		4.083	23.94	17.492
1195	64222	0.311		4.192	23.78	18.118
1198	64556	0.195		4.055	24.2	18.365
1202	65000	-0.171		4.294	21.72	17.994
1205	65795	0.064		4.225	22.95	22.673
1210	67120	-0.17		4.2	23.11	17.323
1215	68446	-0.015		4.149	23.85	18.948
1220	69771	0.133		3.252	23.87	13.691
1225	71096	-0.001		3.988	24.58	23.531
1230	72422	-0.313		3.907	24.28	22.13
1235	73747	-0.017		3.927	24.63	22.638
1240	75072	0.204		3.609	25.11	18.259
1245	76398	0.359		3.853	25.32	19.628
1250	77723	-0.3		3.778	25.51	27.154
1255	79048	-0.075		3.416	24.39	21.998
1260	80373	-0.85		3.349	24.82	24.595
1265	81699	-1.268		3.414	25.26	29.723
1270	83024	-0.775		3.426	25.86	30.809
1275	84349	-1.071		3.286	25.39	21.433
1280	85675	-1.484		3.595	26.02	18.038
1285	87000	-0.756		3.636	25.53	16.004
1290	88048	-0.498		3.952	24.63	21.788
1295	89095	-0.003		3.849	24.03	25.059
1300	90143	-0.786		3.919	25.41	28.287
1305	91190	-0.361		3.725	24.94	24.17
1310	92238	-0.438		3.546	25.35	26.276
1315	93286	-0.818		3.729	25.43	25.498
1320	94333	-0.774		3.603	24.17	22.97
1325	95381	-0.29		3.541	25.53	22.144
1330	96429	-0.532		3.462	26.84	22.52
1335	97476	-0.703		3.536	26.81	26.226
1340	98524	-1.158		3.219	27.34	21.239
1345	99571	-0.998		3.333	26.88	25.412
1348	100200	-0.747		3.177	27.04	23.772
1352	101038	-0.602		3.223	27.73	24.785
1355	101667	-0.57		3.502	27.34	24.569
1360	102714	-0.429		3.562	27.23	26.058
1365	103762	-0.474		3.4	28	32.156
1370	104810	-0.367		3.53	26.51	34.691
1375	105857	-0.733		3.543	25.53	18.469
1380	106905	-0.492		3.403	26.3	26.707
1385	107952	-0.666		3.667	25.34	38.913
1390	109000	-0.727		3.844	25.64	39.532
1395	110667	-0.696		3.368	26.06	30.532
1400	112333	-0.167		2.955	25.28	39.915
1405	114000	-0.747		3.533	26.87	32.977
1410	115667	-0.469		3.421	26.45	39.265
1415	117333	-1.614		2.985	27.21	29.791
1420	119000	-1.32		2.737	26.47	35.711
1425	119727	-1.474		2.989	27.89	26.983
1430	120455	-1.369		2.668	29.05	15.828
1435	121182	-1.926		2.689	29.89	24.127
1440	121909	-1.652		2.641	28.68	27.302
1445	122636	-1.684		2.602	28.83	26.832
1450	123364	-1.638		2.519	28.56	25.972
1455	124091	-1.539		2.677	28.21	24.651
1460	124818	-1.807		2.594	28.49	24.035
1465	125545	-1.942		2.653	28.49	25.589
1470	126273	-1.756		2.707	27.69	20.376
1475	127000	-1.838		2.68	26.96	13.564
1480	127727	-1.877		2.692	27.68	16.119
1485	128455	-0.864		2.81	25.75	17.11
1490	129182	-0.888		3.082	26.22	18.12
1495	129909	-0.459		3.475	26.74	26.739
1498	130345	-0.98		3.23	26.39	17.56
1502	130927	0.7		3.663	26.72	14.204
1505	131364	0.206		4.073	26.4	11.936
1510	132091	0.709		3.361	25.8	15.21
1515	132818	0.538		4.29	24.95	15.575
1520	133545	-0.358		3.759	26.13	19.578
1525	134273	0.717		4.228	25.27	19.193
1530	135000	1.188		4.304	24.56	23.259
1535	135652	0.605		4.319	25.3	18.944
1540	136304	0.311		4.288	25.08	17.534
1545	136957	0.858		4.179	25.11	16.2
1550	137609	0.944		4.245	24.58	16.783
1555	138261	0.921		4.266	25.13	15.503
1560	138913	0.339		4.104	24.92	
1565	139565	0.643		4.372	25.76	16.09
1570	140217	0.732		4.147	25.35	16.421
1575	140870	0.603		4.222	25.79	15.111
1580	141522	0.664		4.081	25.36	15.312
1585	142174	0.884			25.22	16.351
1590	142826	0.557		4.368	25.56	
1595	143478	0.049		4.14	24.65	14.216
1600	144130	0.784		4.421	24.15	14.183
1605	144783	0.517		4.147	25.7	15.408
1610	145435	0.334		4.288	24.38	12.301
1615	146087	-0.015		4.152	25.12	16.537
1620	146739	0.411		4.143	25.46	18.749
1625	147391	0.355		4.087	24.52	15.867
1630	148043	0.254		3.984	24.39	
1635	148696	0.19		4.164	24.6	15.28
1640	149348	0.5		4.012	26.28	17.25
1645	150000	0.767		4.061	24.36	18.871
1648	150391	0.475		3.937	25.26	16.178
1652	150913	0.401		4.016	26.03	13.243
1655	151304	0.664		4.149	26.74	
1660	151957	0.611		4.213	25.93	17.352
1665	152609	0.757		3.914	25.27	
1670	153261	0.773		4.241	26.28	15.389
1675	153913	1.061		4.19	24.81	
1680	154565	1.12		3.726	25.6	16.139
1685	155217	1.156		4.259	25.6	
1690	155870	0.671		4.124	25.41	15.725
1695	156522	0.648		4.493	25.43	
1700	157174	0.469		4.294	24.84	16.786
1705	157826	0.564		4.421	25.65	
1710	158478	0.169		4.228	26.29	20.579
1715	159130	0.344		4.213	24.64	
1720	159783	0.045		4.362	26.15	17.817
1725	160435	0.514		4.052	26.55	
1730	161087	0.632		4.259	25.76	17.639
1735	161739	0.236		4.119	25.97	
1740	162391	-0.209		4.331	25.75	18.704
1745	163043	-0.284		4.067	25.87	
1750	163696	-0.039		4.188	25.46	25.422
1755	164348	-0.284		4.217	26.69	
1760	165000	-0.493		4.208	25.27	27.011
1765	165852	-0.11		4.128	26.24	
1770	166704	-0.756		4.068	25.93	31.837
1775	167556	-0.919		3.9	25.44	
1780	168407	-0.458		3.663	26.26	31.263
1785	169259	-1.469		3.826	25.93	
1790	170111	-0.502		3.752	26.24	26.908
1795	170963	-1.157		4.005	24.89	
1798	171474	-0.369		4.023	25.35	20.241
1802	172156	-0.198		3.939	25.51	
1805	172667	-0.281		3.778	26.74	19.875
1810	173519	-0.281		3.527	25.4	
1815	174370	0.03		4.254	25.87	31.223
1820	175222	0		3.93	25.14	
1825	176074	0.59		4.051	25.88	22.198
1830	176926	0.305		4.001	25.08	
1835	177778	-0.009		4.062	24.55	18.367
1840	178630	-0.114		3.84	24.9	
1845	179481	-0.026		3.952	25.04	19.498
1850	180333	-0.295		4.17	24.29	
1855	181185	-0.528		3.983	23.77	23.224
1860	182037	-0.623		4.048	24.98	
1865	182889	-0.62		3.978	24.19	23.919
1870	183741	-0.303		3.816	25.02	
1875	184593	-0.528		3.825	24.28	21.155
1880	185444	-0.609		3.826	26.38	
1885	186296	-0.481		3.971	25.9	19.842
1890	187148	-0.614		3.72	25.39	
1895	188000	-0.469		4.089	26.45	20.798
1900	189160	-0.474		3.795	26.99	
1905	190320	-0.72		3.574	26.43	18.491
1910	191480	-1.017		3.286	26.27	
1915	192640	-0.625		2.914	25.75	18.881
1920	193800	-1.033		2.856	27.28	
1925	194960	-0.928		3.556	27.31	21.776
1930	196120	-0.856		3.212	28.66	
1935	197280	-0.899		2.878	27.89	24.415
1940	198440	-1.127		3.374	28.74	
1945	199600	-0.523		3.456	26.29	21.532
1948	200296	-0.536		3.571	27.03	
1952	201224	-0.462		3.394	25.47	21.945
1955	201920	-0.528		3.294	25.48	
1960	203080	-0.348		3.397	25.76	21.484
1965	204240	-0.429		3.506	24.96	
1970	205400	-0.416		3.142	25.3	22.825
1975	206560	-0.761		3.29	25.12	
1980	207720	-1.07		3.235	25.75	20.259
1985	208880	-1.008		3.191	24.77	
1990	210040	-0.828		3.022	26.47	26.562
1995	211200	-0.709		3.04	27.07	
2000	212360	-0.938		2.769	27.04	15.094
2005	213520	-1.069		2.731	26.54	
2010	214680	-1.225		2.623	26.41	19.6
2015	215840	-1.344		2.617	27.86	
2020	217000	-1.982		2.546	27.66	13.644
2025	219000	-0.611		2.985	26.55	
2030	221000	-0.97		3.56	27.25	16.137
2035	223000	-1.095		4.281	26.77	
2040	223593	-1.375		4.272	28.04	19.17
2045	224185	-0.663		4.135	27.31	
2050	224778	-0.569		4.227	26.24	19.32
2055	225370	-0.58		3.304	25.75	
2060	225963	-0.733		3.573	25.5	20.206
2065	226556	-0.972		4.09	26.26	
2070	227148	-0.428		4.132	26.34	24.631
2075	227741	-0.755			25.99	
2080	228333	-0.488		4.151	27.19	22.056
2085	228926	-0.687		4.064	25.7	
2090	229519	-0.319		4.2	26.7	16.745
2095	230111	-0.735		4.088	24.46	
2098	230467	-0.17		4.006	25.18	17.867
2102	230941	-0.784		3.976	25.58	
2105	231296	-0.918		4.072	25.8	22.242
2110	231889	-0.735		3.944	29.81	
2115	232481	-0.362		3.846	25.55	19.41
2120	233074	-0.702		3.931	25.5	
2125	233667	-0.707		3.866	26.57	25.89
2130	234259	-0.866		3.588	26.79	
2135	234852	-0.859		4.002	26.18	28.903
2140	235444	-0.807		3.933	26.75	
2145	236037	-1.264		3.777	27.41	28.468
2150	236630	-1.194		3.822	27.28	
2155	237222	-1.603		3.139	27.5	25.985
2160	237815	-1.099		2.7	28.81	
2165	238407	-1.812		3.004	30.3	18.657
2170	239000	-1.431		2.894	29.99	
2175	239591	-1.116		3.022	28.41	19.85
2180	240182	-0.074		3.232	26.82	
2185	240773	-0.433		3.159	26.72	22.807
2190	241364	-0.414		2.948	26.3	
2195	241955	-0.418		3.383	25.65	18.594
2200	242545	-0.124		3.199	26.59	
2205	243136	-0.524		3.286	25.87	16.549
2210	243727	-0.383		3.208	25.84	
2215	244318	-0.981		3.49	26.36	12.738
2220	244909	-0.591			30.6	
2225	245500	-0.168			29.28	4.52
2230	246091	0.08			27.26	
2235	246682	-0.782		3.77	25.27	4.109
2240	247273	-0.922				
2245	247864	-0.762				5.118
2248	248218	-0.638				
2252	248691	-0.917				3.427
2255	249045	-0.556				
2260	249636	-0.236				2.982
2265	250227	0.131				
2270	250818	-0.091				2.243
2275	251409	0.265				
2280	252000	-0.885		4.242	25.38	0.743
2285	252346	-1.339		4.116	25.7	2.253
2290	252691	-1.159		3.938	25.72	3.751
2295	253037	-1.355		3.914	27.32	
2300	253383	-1.214		3.838	26.73	
2305	253728	-1.197		3.884	27.21	1.978
2310	254074	-1.116		3.911	27.25	
2315	254420	-1.174		3.913	27.5	0.527
2320	254765	-0.847		3.94	26.85	3.794
2325	255111	-0.953			26.75	
2330	255457	-1.063			28.26	1.301
2335	255802	-0.51		3.918	28.39	
2340	256148	-1.013		4.034	28.23	6.983
2345	256494	-1.269		3.606	28.88	
2350	256840	-0.917		3.498	27.03	10.447
2355	257185	-1.19		3.951	27.96	
2360	257531	-0.75		3.811	29.3	
2365	257877	-0.592		3.931	25.81	7.501
2370	258222	-0.51		3.978	26.93	8.606
2375	258568	-0.836		4.03	27	
2380	258914	-0.559		3.846	27.63	5.739
2385	259259	-0.46		3.93	26.06	
2390	259605	-0.348		3.89	25.05	8.959
2395	259951	-0.549		3.887	25.34	
2398	260158	-0.787		3.933	25.14	22.444
2402	260435	-0.245		3.848	26.23	
2405	260642	-0.631		3.86	25.29	24.057
2410	260988	-0.839		3.8	26.34	
2415	261333	-0.412		3.569	26.42	26.7
2420	261679	-0.226		3.86	26.02	
2425	262025	-0.336		3.626	26.14	
2430	262370	-0.42		3.804	24.98	
2435	262716	-0.277		3.855	25.4	15.995
2440	263062	-0.437		3.852	25.9	
2445	263407	-0.774		3.722	25.98	17.708
2450	263753	-0.509		3.714	27.42	
2455	264099	-0.495		3.961	25.15	21.785
2460	264444	-0.548		3.914	25.28	
2465	264790	-1.392		3.999	25.69	17.631
2470	265136	-1.084		3.758	26.79	
2475	265481	-0.633		3.671	26.77	11.193
2480	265827	-0.737		3.684	27.13	
2485	266173	-0.881		3.511	25.62	9.901
2490	266519	-0.374		3.312	25.51	
2495	266864	-0.775		3.43	26.17	11.482
2500	267210	-0.707		3.418	24.99	
2505	267556	-0.667		3.561	24.98	9.94
2510	267901	-0.276		3.549	25.48	
2515	268247	-0.782		3.738	24.19	8.744
2520	268593	-0.637		3.725	23.91	
2525	268938	-0.957		3.594	24.54	9.842
2530	269284	-0.23		3.712	24.85	
2535	269630	-0.492		3.756	25.09	7.186
2540	269975	-0.266		3.89	24.87	
2545	270321	-0.294		3.703	24.85	8.224
2548	270528	-0.693		3.769	24.68	
2552	270805	-0.715		3.627		10.133
2555	271012	-0.436		3.835	24.44	
2560	271358	-0.113		3.91	24.43	12.238
2565	271704	-0.679		3.844	25.5	
2570	272049	-0.235		4.005	23.42	5.133
2575	272395	-0.076		4.15	24.39	
2580	272741	-0.01		3.752	23.96	2.269
2585	273086	-0.235		3.956	24.52	
2590	273432	-0.564		3.911	25.84	1.11
2595	273778	-1.19		3.861	26.13	
2600	274123	-1.21		4.065	24.16	20.771
2605	274469	-0.377		3.966	24.7	
2610	274815				23.41	8.287
2615	275160	-0.434		4.091	24.03	
2620	275506	-0.398		3.915	23.81	9.436
2625	275852	-0.148		3.823	24.25	
2630	276198	-0.505		4.133	24.35	8.809
2635	276543	-0.134		3.816	26.06	
2640	276889	-0.191		3.723	24.52	6.545
2645	277235	-0.26		3.973	23.89	
2650	277580	-0.823		3.772	23.87	9.551
2655	277926	-0.28		4.079	23.64	
2660	278272	-0.847		4.184	23.81	8.434
2665	278617	-0.511		4.072	24.37	
2670	278963	-0.712		4.236	24.34	11.105
2675	279309	-0.906		4.016	25.35	
2680	279654	-0.354		3.664	24.87	11.984
2685	280000	-0.29		3.465	25.02	
2690	280667	-0.972		3.516	26.37	19.023
2695	281333	-0.606		3.591	25.65	
2698	281733	-0.623		3.354	25.98	18.983
2702	282267	-0.457		3.23	27.32	
2705	282667	-1.075		3.313	25.77	23.027
2710	283333	-1.123		3.219	26.31	
2715	284000	-1.886		3.229	27.48	19.37
2720	284667	-1.37		3.271	27.3	
2725	285333	-1.111		3.21	27.21	19.697
2730	286000	-1.86		3.422	27.69	
2735	286667	-1.395		3.458	27.46	20.464
2740	287333	-1.495		3.372	27.57	
2745	288000	-1.243		3.435	26.58	16.077
2750	288667	-0.637		3.729	28.57	
2755	289333	-0.461		3.724	27.94	12.247
2760	290000	-0.455		3.536	27.18	
2765	290667	-0.404		3.682	26.48	15.401
2770	291333	-0.325		3.73	27	
2775	292000	-0.505		3.885	26.79	12.533
2780	293185	-0.361		3.706	26.61	
2785	294370	-0.774		4.015	25.84	17.509
2790	295556	-0.398		3.845	28.77	
2795	296741	-0.731		3.704	26.29	17.894
2800	297926	-0.639		3.608	26.37	
2805	299111	-0.416		3.593	26.65	16.771
2810	300296	-0.41		3.783	26.92	
2815	301481	-0.48		3.732	28.41	16.652
2820	302667	-0.638		3.493	28.66	
2825	303852	-0.946		3.79	28.35	16.993
2830	305037	-0.656		3.522	27.57	
2835	306222	-0.632		3.247	28.22	17.224
2840	307407	-0.261		3.378	27.64	
2845	308593	-0.767		2.878	28.98	12.797
2848	309304	-1.029		3.754	28.3	
2852	310252	-1.111		2.854	28.94	13.119
2855	310963	-0.788		3.491	28.61	
2860	312148	-1.067		3.58	26.92	11.135
2865	313333	-0.867		3.641	29.34	
2870	314519	-1.164		3.226	26.53	
2875	315704	-0.397		3.304	25.92	7.147
2880	316889	-0.904			26.86	8.854
2885	318074	-0.564		3.248	26.62	
2890	319259	-1.236		3.035	27.87	10.042
2895	320444	-0.726		2.942	29.69	
2900	321630	-0.787			28.88	10.438
2905	322815	-0.927		3.477	26.9	
2910	324000	-0.489		2.848	27.4	11.583
2915	324700	-0.72		2.72	26.96	
2920	325400	-0.725		2.758	27.64	14.377
2925	326100	-1.084		2.653	30.43	
2930	326800	-1.025		2.876	28.68	14.323
2935	327500	-1.172		2.763	31.24	
2940	328200	-1.702		2.573	27.62	13.737
2945	328900	-1.095		2.722	30.07	
2950	329600	-1.186		2.64	29.32	16.377
2955	330300	-1.184			28.88	
2960	331000	-1.341		2.429	28.07	11.757
2965	331667	-0.896			28.5	
2970	332333	-1.147		2.917	27.46	12.617
2975	333000	-1.28			26.01	
2980	333667	-0.467		3.52	27.25	8.429
2985	334333	-0.948		2.89	27.78	
2990	335000	-0.104		3.722	26.03	7.997
2995	335667	-0.892		2.85	27.56	
2998	336067	0.078		3.26	28.81	3.063
3002	336600	-0.051		3.242	25.8	
3005	337000	-0.155		3.067	29.28	3.368
3010	337667	-0.578		3.072		
3015	338333	0.163		3.561	28.74	5.525
3020	339000	0.084		3.379	28.66	
3025	339667	0.259		3.942	27.73	7.791
3030	340333	0.529		4.161	28.14	
3035	341000	0.133		4.382	25.75	9.865
3040	341677	0.353		4.2	29.01	
3045	342354	-0.335		4.166	25.81	8.269
3050	343031	0.459		4.128	28.94	
3055	343708	0.559		4.124	28.05	
3060	344385	0.169		4.189	28.35	1.341
3065	345062	0.37		4.216	27.9	9.255
3070	345738	0.421		4.27	27.09	
3075	346415	-0.872		4.212	28.08	6.561
3080	347092	0.423		4.16	26.22	
3085	347769	-0.008		4.18	23.4	7.407
3090	348446	0.35		4.199	26.76	
3095	349123	0.182		4.106	26.17	6.294
3100	349800	-0.857		3.998	23.97	
3105	350477	-0.568		4.178	25.55	5.324
3110	351154	-0.246		4.03	24.41	
3115	351831	-0.391		3.978	25.05	9.606
3120	352508	-0.627		4.1	24.45	
3125	353185	-0.324		3.957	25.16	9.888
3130	353862	0.038		4.078	24.27	
3135	354538	-0.219		3.805	24.1	11.358
3140	355215	-0.501		3.929	24.47	
3145	355892	-0.454		3.89	24.64	11.683
3148	356298	-0.41		3.73	25.47	
3152	356840	-0.961		3.636	25.6	7.836
3155	357246	-0.565		3.9	26.13	
3160	357923	-0.605		3.564	26.2	5.945
3165	358600	-0.814		3.551	24.6	
3170	359277	-0.423		3.599	25.33	7.169
3175	359954	-0.382		3.551	25.47	
3180	360631	-0.47		3.822	25.58	8.669
3185	361308	-0.909		3.905	24.77	
3190	361985	-0.842		3.849	24.79	7.403
3195	362662	-0.937		3.631	25.04	
3200	363338	-0.58		3.574	24.54	9.214
3205	364015	-0.93		3.756	26.22	
3210	364692	-0.136		3.725	24.92	9.658
3215	365369	-0.208		3.882		
3220	366046	0.434		3.894	25.03	9.573
3225	366723	0.013		4.125	24.54	
3230	367400	0.479		4.133	24.8	15.199
3235	368077	0.444		4.018	25.15	
3240	368754	-0.077		3.967	25.68	11.483
3245	369431	-0.043		4.01	25.11	
3250	370108	0.039		3.935	26.2	12.209
3255	370785	-0.199		4.043	26.52	
3260	371462	-0.183		4.083	25.82	12.771
3265	372138	-0.442		4.068	25.61	
3270	372815	-0.508		4.074	25.16	13.006
3275	373492	-0.312		4.04	25.15	
3280	374169	-0.675		3.755	25.83	15.655
3285	374846	-0.437		4.012	25.32	
3290	375523	-0.101		4.018	25	15.461
3295	376200	-0.199		3.878	24.76	
3298	376606	-0.523		3.824	26.72	20.766
3302	377148	-0.675		3.837	25.14	
3305	377554	-0.62		3.969	26.06	10.594
3310	378231	-0.516		3.765	24.77	
3315	378908	-0.058		3.551	25.09	13.968
3320	379585	-0.249		3.566	24.7	
3325	380262	-0.529		3.727	25.46	11.83
3330	380938	-0.183		3.701	25.04	
3335	381615	-0.515		3.655	25.88	15.965
3340	382292	-0.413		3.604	25.29	
3345	382969	-0.826		3.582	25.69	10.282
3350	383646	-0.611		3.639	26.41	
3355	384323	-0.339		3.655	25.42	13.586
3360	385000	-0.732		3.753	26.82	
3365	386333	-0.365		3.63	25.37	12.026
3370	387667	-0.595		3.496	27.22	
3375	389000	-0.105		3.576	26.25	10.103
3380	390333	-0.279		3.418	26.57	
3385	391667	-0.221		3.477	27.26	10.594
3390	393000	-0.912		3.441	25.82	
3395	394333	-0.742		3.46	26.41	10.67
3400	395667	-0.891		2.951	25.72	
3405	397000	-0.767		2.766	26.39	9.882
3410	398333	-0.368		2.952	25.26	
3415	399667	-0.643		2.802	25.76	8.479
