/* DESCRIPTION:
Reference:	Pichevin, L et al. (2007): Evidence of ventilation changes in the Arabian Sea during the late Quaternary: Implication for denitrification and nitrous oxide emission. Global Biogeochemical Cycles, 21, GB4008, https://doi.org/10.1029/2006GB002852
Data from:	https://doi.org/10.1594/PANGAEA.727154
Comment:	Data was not modified in any way.
*/
Depth [m]	Age [ka BP]	Total N [%]	δ15N [‰ air]	TOC [%]
0.035	0.09	0.253	8	1.76
0.055	0.094	0.261	7.31	
0.105	0.106	0.213	6.9	1.45
0.155	0.12	0.232	6.98	
0.205	0.137	0.23	7.52	1.58
0.255	0.157	0.217	7.08	
0.305	0.178	0.182	6.46	1.09
0.355	0.203	0.208	7.25	
0.405	0.229	0.235	7.42	1.61
0.455	0.258	0.225	7.24	
0.505	0.289	0.225	6.99	1.5
0.555	0.322	0.226	7.48	
0.605	0.357	0.221	7.14	1.45
0.655	0.394	0.188	6.56	
0.705	0.434	0.208	7.13	1.42
0.755	0.475	0.21	7.18	
0.805	0.519	0.215	7.32	1.42
0.855	0.565	0.198	6.97	
0.905	0.612	0.217	7.26	1.45
0.955	0.662	0.214	7.27	
1.005	0.714	0.211	7.07	1.39
1.105	0.822	0.182	6.69	1.08
1.155	0.879	0.189	6.35	
1.205	0.938	0.197	6.74	1.3
1.255	0.999	0.187	6.47	
1.305	1.061	0.198	6.74	1.3
1.355	1.126	0.186	6.61	
1.405	1.191	0.205	7.25	1.45
1.455	1.259	0.201	6.72	
1.505	1.328	0.191	6.88	
1.605	1.471	0.198	6.71	1.33
1.655	1.544	0.187	6.86	
1.705	1.62	0.183	6.7	1.21
1.755	1.696	0.184	6.15	
1.805	1.775	0.192	6.67	1.28
1.855	1.854	0.191	6.93	
1.905	1.935	0.193	6.86	1.32
1.955	2.018	0.186	6.55	
2.005	2.102	0.179	6.62	1.15
2.105	2.273	0.218	6.39	1.3
2.155	2.361	0.21	6.23	
2.205	2.45	0.215	6.68	1.37
2.255	2.54	0.2	6.42	
2.305	2.631	0.2	6.25	1.06
2.355	2.724	0.191	6.31	
2.405	2.817	0.203	6.34	1.17
2.455	2.912	0.195	5.98	
2.505	3.008	0.206	6.27	1.2
2.605	3.203	0.202	5.95	1.22
2.655	3.302	0.187	5.66	
2.705	3.402	0.182	6.06	0.98
2.755	3.503	0.195	5.85	
2.805	3.605	0.179	6.07	0.92
2.855	3.708	0.199	6.12	
2.905	3.812	0.195	5.98	1.08
2.955	3.917	0.187	5.82	
3.015	4.044	0.188	5.8	0.84
3.105	4.236	0.197	6.18	0.99
3.155	4.345	0.196	5.95	
3.205	4.454	0.185	5.51	1.01
3.255	4.563	0.188	5.74	
3.305	4.674	0.203	6.06	1.18
3.355	4.785	0.205	5.8	
3.405	4.897	0.182	5.77	0.97
3.455	5.01	0.184	5.82	
3.505	5.123	0.175	5.54	0.89
3.605	5.352	0.176	5.56	0.92
3.655	5.467	0.19	5.85	
3.705	5.583	0.188	5.81	0.99
3.755	5.699	0.178	5.74	
3.805	5.816	0.186	5.96	0.98
3.855	5.933	0.193	5.86	
3.905	6.051	0.195	5.98	1.15
3.955	6.17	0.19	5.64	
4.005	6.289	0.178	5.5	0.93
4.105	6.529	0.181	5.96	1.11
4.155	6.649	0.159	5.77	
4.205	6.77	0.169	5.78	0.97
4.255	6.891	0.179	5.67	
4.305	7.013	0.181	5.67	1.08
4.355	7.135	0.181	5.59	
4.405	7.257	0.181	5.85	1.09
4.455	7.38	0.182	5.24	
4.505	7.528	0.182	5.18	1.08
4.605	7.75	0.176	5.34	1.03
4.655	7.874	0.17	5.42	
4.705	7.998	0.167	4.98	0.93
4.755	8.123	0.169	5.02	
4.805	8.248	0.166	5.64	0.95
4.855	8.373	0.167	5.36	
4.905	8.498	0.162	4.93	0.84
4.955	8.623	0.165	5.65	
5.005	8.749	0.141	5.22	0.63
5.105	9.001	0.144	5.32	0.67
5.155	9.127	0.155	5.4	
5.205	9.253	0.159	5.05	0.76
5.255	9.379	0.157	5.61	
5.305	9.506	0.151	5.21	0.73
5.355	9.632	0.146	5.07	
5.405	9.759	0.153	5.33	0.74
5.455	9.886	0.147	5.33	
5.505	10.013	0.151	5.37	0.7
5.605	10.266	0.154	5.89	0.81
5.655	10.393	0.148	5.43	
5.705	10.52	0.143	5.48	0.73
5.755	10.647	0.136	5.25	
5.805	10.774	0.119	4.62	0.63
5.855	10.901	0.101	4.18	
5.905	11.028	0.1	4.33	0.49
5.955	11.155	0.095	3.96	
6.015	11.308	0.09	4	0.47
6.015	11.308	0.09	3.23	
6.055	11.409	0.091	3.08	
6.105	11.536	0.091	2.85	0.47
6.155	11.663	0.095	2.73	
6.205	11.789	0.098	3.01	0.51
6.255	11.916	0.101	3.62	
6.305	12.042	0.121	4.12	0.64
6.355	12.169	0.128	4.26	
6.405	12.295	0.124	4.35	0.64
6.455	12.421	0.119	4.3	
6.505	12.547	0.135	4.46	0.7
6.505	12.547	0.143	4.79	
6.555	12.673	0.135	6.08	
6.555	12.673	0.138	5.75	
6.605	12.799	0.136	6.37	0.76
6.605	12.799	0.14	6.12	
6.655	12.924	0.142	6.26	
6.655	12.924	0.143	6.21	
6.705	13.05	0.142	6.28	0.78
6.705	13.05	0.144	6.13	
6.755	13.175	0.15	6.54	
6.755	13.175	0.153	6.25	
6.805	13.3	0.146	6.67	0.94
6.805	13.3	0.148	6.12	
6.855	13.425	0.14	6.17	
6.855	13.425	0.142	5.85	
6.905	13.55	0.14	6.29	0.83
6.905	13.55	0.144	5.92	
6.955	13.674	0.139	6.29	
6.955	13.674	0.142	6.02	
7.005	13.798	0.13	5.41	0.53
7.105	14.046	0.075	3.95	0.36
7.155	14.17	0.067	3.28	
7.205	14.293	0.066	3.41	0.3
7.255	14.417	0.066	3.45	
7.305	14.54	0.064	3.21	0.37
7.355	14.662	0.065	3.52	
7.405	14.785	0.069	3.42	0.38
7.455	14.907	0.068	3.83	0.4
7.505	15.029	0.068	3.73	
7.605	15.272	0.058	3.29	0.31
7.655	15.393	0.06	3.45	
7.705	15.514	0.062	3.24	0.34
7.755	15.635	0.063	3.38	
7.805	15.755	0.065	3.24	0.4
7.855	15.875	0.065	3.45	
7.905	15.995	0.077	3.81	0.59
7.955	16.114	0.065	4.08	
8.005	16.233	0.084	3.73	0.49
8.105	16.471	0.068	3.55	0.55
8.205	16.707	0.068	3.56	0.38
8.305	16.941	0.08	3.83	0.33
8.405	17.175	0.084	4.21	0.5
8.505	17.407	0.085	3.96	0.42
8.605	17.637	0.102	4.33	0.72
8.705	17.867	0.109	4.61	0.64
8.805	18.095	0.116	5	0.7
8.905	18.321	0.114	4.88	0.75
9.015	18.568	0.114	4.67	0.78
9.105	18.77	0.106	4.67	
9.155	18.881	0.108	4.79	
9.255	19.102	0.115	4.89	0.75
9.305	19.212	0.119	4.78	0.78
9.405	19.432	0.111	4.45	0.74
9.505	19.649	0.104	4.52	0.6
9.605	19.866	0.109	4.64	0.73
9.705	20.08	0.104	4.46	0.69
9.755	20.187	0.114	4.73	
9.855	20.4	0.111	4.52	0.69
9.905	20.506	0.11	4.37	0.76
10.005	20.716	0.115	4.9	0.73
10.005	20.716	0.116	4.97	
10.105	20.925	0.121	5.47	0.81
10.205	21.132	0.114	5.02	0.77
10.305	21.338	0.116	4.84	0.74
10.405	21.543	0.114	4.65	0.65
10.505	21.746	0.128	4.72	0.82
10.605	21.947	0.112	4.64	0.67
10.705	22.148	0.122	5	0.89
10.805	22.346	0.122	4.78	0.85
10.905	22.544	0.123	5	0.76
11.005	22.74	0.149	5.6	1.09
11.105	22.935	0.144	5.73	1.05
11.205	23.128	0.131	5.46	0.79
11.305	23.32	0.142	5.99	1.03
11.405	23.511	0.122	4.94	0.88
11.505	23.7	0.112	4.38	0.69
11.605	23.888	0.09	4.15	0.51
11.705	24.075	0.083	4.11	0.55
11.805	24.261	0.088	4.64	0.54
11.905	24.445	0.083	4.32	0.55
12.015	24.647	0.091	4.33	0.56
12.105	24.811	0.115	4.64	0.75
12.205	24.992	0.118	4.69	0.83
12.305	25.172	0.117	4.5	0.76
12.405	25.351	0.113	4.7	0.78
12.505	25.529	0.129	5.01	1
12.605	25.706	0.096	4.15	0.58
12.705	25.882	0.095	4.53	0.59
12.805	26.057	0.097	4.37	0.57
12.905	26.231	0.112	4.87	0.7
13.005	26.405	0.112	4.47	0.72
13.105	26.577	0.122	4.48	0.98
13.205	26.749	0.124	4.46	0.8
13.305	26.92	0.127	4.46	0.93
13.405	27.09	0.115	4.68	0.83
13.505	27.26	0.117	4.68	0.78
13.605	27.429	0.111	5	0.98
13.705	27.597	0.117	4.93	0.87
13.805	27.765	0.11	4.91	0.76
13.905	27.932	0.166	6.32	1.31
14.005	28.099	0.111	4.4	0.74
14.105	28.265	0.089	3.91	0.5
14.205	28.431	0.09	4.17	0.59
14.305	28.596	0.093	4.11	0.64
14.405	28.761	0.108	4.58	0.74
14.505	28.926	0.148	6.11	1.11
14.605	29.09	0.127	4.54	0.94
14.705	29.255	0.082	4.8	0.5
14.805	29.419	0.079	3.7	0.46
14.905	29.583	0.074	3.92	0.43
15.015	29.763	0.069	4.77	0.4
15.095	29.894	0.064		0.39
15.205	30.074	0.066	5.02	0.46
15.305	30.237	0.07	4.9	0.4
15.405	30.401	0.067	5.05	0.42
15.505	30.565	0.071	5.13	0.49
15.605	30.729	0.086	5.19	0.59
15.705	30.893	0.096	4.69	0.63
15.805	31.057	0.099	5.29	0.75
15.905	31.221	0.08	5.28	0.57
16.005	31.386	0.097	4.59	0.59
16.105	31.551	0.094	4.65	0.55
16.205	31.716	0.097	5.26	0.57
16.305	31.882	0.099	4.7	0.61
16.405	32.048	0.102	5.26	0.68
16.505	32.214	0.11	5.49	0.51
16.605	32.381	0.141	6.64	0.91
16.705	32.549	0.145	6.11	0.94
16.805	32.717	0.104	5.17	0.65
16.905	32.886	0.089	4.38	0.53
17.005	33.055	0.096	4.65	0.59
17.105	33.225	0.099	4.95	0.54
17.205	33.395	0.111	5.52	0.71
17.305	33.566	0.147	6.43	1.03
17.405	33.738	0.131	5.38	0.84
17.505	33.911	0.104	4.61	0.69
17.605	34.085	0.088		0.57
17.705	34.259	0.087	4.76	0.57
17.805	34.434	0.093	4.71	0.58
17.905	34.61	0.1	4.73	0.61
18.015	34.805	0.107	4.93	0.7
18.105	34.965	0.14	6.12	1.06
18.205	35.143	0.144	6.27	0.91
18.305	35.323	0.152	6.39	0.96
18.405	35.504	0.145	5.91	0.95
18.505	35.685	0.095	3.97	0.52
18.605	35.868	0.093	4.12	0.51
18.705	36.052	0.094	4.69	0.57
18.805	36.236	0.092	4.77	0.57
18.905	36.422	0.094	4.05	0.6
19.005	36.609	0.115	4.84	0.7
19.105	36.797	0.125	5.25	0.79
19.205	36.986	0.135	6.12	0.9
19.305	37.176	0.149	6.36	1.17
19.405	37.367	0.159	6.96	1.15
19.505	37.559	0.166	7.27	1.18
19.605	37.753	0.169	7.36	1.21
19.705	37.948	0.144	6.7	0.93
19.805	38.143	0.16	6.81	1.18
19.905	38.34	0.099	4.15	0.58
20.005	38.538	0.094	4.34	0.56
20.105	38.737	0.092	4.72	0.46
20.205	38.938	0.082	4.36	0.51
20.305	39.139	0.083	4.17	0.4
20.405	39.341	0.08	4.42	0.44
20.515	39.566	0.077	4.17	0.39
20.605	39.75	0.087	4.54	0.56
20.705	39.956	0.093	4.46	0.57
20.805	40.162	0.101	4.64	0.65
20.905	40.37	0.099	4.6	0.55
21.015	40.6	0.105	4.47	0.65
21.105	40.789	0.112	4.64	0.68
21.205	41	0.112	4.67	0.7
21.305	41.212	0.113	4.69	0.74
21.405	41.425	0.105	4.44	0.67
21.505	41.639	0.111	4.51	0.65
21.605	41.854	0.117	4.9	0.82
21.705	42.069	0.151	6.39	1.19
21.805	42.286	0.173	6.66	1.37
21.905	42.503	0.126	5.59	0.88
22.005	42.721	0.1	5.15	0.63
22.105	42.94	0.11	4.48	0.67
22.205	43.159	0.1	4.37	0.58
22.305	43.379	0.11	4.52	0.65
22.405	43.6	0.11	5.23	0.73
22.505	43.821	0.14	5.82	1.03
22.605	44.043	0.17	6.63	1.33
22.705	44.265	0.15	6.32	1.08
22.805	44.488	0.16	6.33	1.15
22.905	44.711	0.16	6.37	1.11
23.005	44.934	0.15	5.97	1.04
23.105	45.157	0.11	4.5	0.62
23.205	45.38	0.1	4.43	0.51
23.305	45.604	0.1	4.6	0.59
23.405	45.828	0.1	4.61	0.5
23.505	46.051	0.11	5.42	0.65
23.605	46.274	0.12	4.85	0.73
23.705	46.498	0.14	5.38	1.05
23.805	46.721	0.16	6.64	1.13
23.905	46.943	0.16	6.13	1.24
24.015	47.187	0.191	6.75	1.67
24.105	47.386	0.202	7.04	1.77
24.205	47.607	0.162	7.02	1.14
24.305	47.827	0.174	7.37	1.28
24.405	48.047	0.213	7.96	1.85
24.505	48.265	0.201	7.61	1.71
24.605	48.482	0.17	7.21	1.21
24.705	48.698	0.109	4.98	0.69
24.805	48.913	0.099	4.68	0.6
24.905	49.127	0.1	4.47	0.61
25.005	49.339	0.092	3.84	0.55
25.105	49.549	0.094	3.81	0.57
