/* DESCRIPTION:
Reference:	Dokken, T; Jansen, E (1999): Rapid changes in the mechanism of ocean convection during the last glacial period. Nature, 401(6752), 458-461, https://doi.org/10.1038/46753
Data from:	https://doi.org/10.1594/PANGAEA.61471. Accessed 27 Oct 2022.
Comment:	Data was not modified in any way.
*/
Depth [m]	Age [ka BP]	MAGS [10**-6 SI]	N. pachyderma s δ18O [‰ PDB]	N. pachyderma s δ13C [‰ PDB]	C. teretis δ18O [‰ PDB]	C. teretis δ13C [‰ PDB]	Foram/sed [#/g]	Rock fragm [#/g]	IRD [#/g]
0.005	10.31		2.35	-0.04	4.21	-0.03		0.82	
0.015	10.36						534	1.07	386.87
0.025	10.41		1.96	0.38	4.17	0.01			
0.035	10.46	40.86	2.14	0.55	4.15	-0.04			
0.04	10.49	93.07	2.12	0.55					
0.045	10.51	156.63	2.02	0.36	4.05	-0.11	2427	0.44	585.67
0.055	10.56	211.11	2.23	0.68	4.16	0.06		1.12	
0.065	10.61	249.7					517	2.23	607.9
0.075	10.66	276.94	2.04	0.48	4.02	-0.04		0.96	
0.085	10.71	299.64	2.12	0.54	4.23	-0.14	483	0.98	545.67
0.095	10.76	310.99	1.92	0.44	4.24	-0.04			
0.105	10.8	315.53	2.21	0.33	3.95	0		1.15	
0.115	10.85	313.26	2.15	0.5					
0.125	10.9	304.18			4.08	-0.11	1856	1.26	743.72
0.135	10.95	292.83	2.04	0.37	4.16	0.04			
0.145	11	276.94					912	2.27	1193.83
0.155	11.05	254.24	2.66	0.3	4.03	-0.03		2.51	
0.165	11.1	215.65	2.08	0.52	4.15	-0.01	237	2.36	1790.34
0.175	11.15	167.98							
0.185	11.2	120.31	2.17	0.55	3.71	-0.16		2.85	
0.195	11.25	93.07	2.18	0.56	4.14	-0.08	367	3.18	2310.87
0.205	11.29	90.8	2.03	0.56	3.76	-0.45		3.28	
0.215	11.34	106.69					140	3.2	2199.59
0.225	11.39	136.2	1.99	0.42	4	-0.26		4.79	
0.235	11.44	170.25	2.32	0.46	4.48	-0.1		4.5	
0.245	11.49	217.92					371	5.46	3078.45
0.255	11.54	265.59	2.39	0.18	3.95	-0.17		5.7	
0.265	11.59	297.37					13	5.9	2787.49
0.275	11.64	315.53	3.48	0.29	4.11	-0.26	21	4.98	4441.61
0.285	11.69	326.88	2.91	0.67	4.15	-0.1	42	4.82	2774.05
0.295	11.74	347.31	3.12	0.43	4.52	0.02	30	4.7	3203.49
0.305	11.78	367.74	3.21	0.16	4.24	-0.17		4.68	
0.315	11.83	388.17	3.55	0.24			17	4.25	2974.6
0.325	11.88	394.98	3.24	0.48	4.65			4.31	
0.335	11.93	381.36					144	4.79	3307.76
0.345	11.98	370.01	3.6	0.48	4.74		81	4.12	2592.61
0.355	12.01	365.47	3.2	0.52	4.13			4.3	
0.365	12.03	363.2					72	5.19	3675.25
0.375	12.06	356.39	3.3	0.49	4.95		21	4.57	3573.98
0.385	12.08	351.85						4.04	
0.395	12.11	356.39	3.25	0.16			4	2.6	1796.91
0.405	12.13	360.93	3.19	0.59				2.75	
0.415	12.16	367.74	3.34	0.38			81	2.4	2222.81
0.425	12.18	376.82	3.49	0.51	4.04	-0.36		2.8	
0.435	12.21	388.17	3.57	0.43			110	1.86	1591.78
0.445	12.23	397.25							
0.455	12.26	410.87	3.3	0.41	4.32	-0.66		2.64	
0.465	12.28	435.84							
0.475	12.31	472.16	3.56	0.32			29	1.84	1093.83
0.485	12.33	506.21	3.64	0.55	4.64	-0.6			
0.495	12.36	526.64	3.4	0.3			54	1.95	969.1
0.505	12.38	535.72	3.34	0.49	4.11	-0.44		1.92	
0.515	12.41	547.07					146	1.51	960.44
0.525	12.43	558.42	3.57	0.37	4.23	-0.84	260	0.93	1101.56
0.535	12.46	569.77						0.67	
0.545	12.48	578.85	3.92	0.56	4.96	-0.65	301	0.74	614.61
0.555	12.51	578.85	3.96	0.52	4.9	-0.52		1.08	
0.565	12.53	583.39						0.41	
0.575	12.56	592.47	3.91	0.51	4.86	-0.72	305	0.2	249.31
0.585	12.58	601.55	3.75	0.45	4.83	-0.65		0.17	
0.595	12.61	606.09	3.78	0.26	4.89	-0.66	380	0.1	204.74
0.605	12.64	606.09	3.79	0.38	4.96	-0.53		0.84	
0.615	12.66	606.09						0.05	
0.625	12.69	601.55	3.76	0.32	4.72	-0.61	373	0.37	251.15
0.635	12.71	601.55	3.68	0.34	4.9	-0.77	427	0.25	242.85
0.645	12.74	603.82	3.75	0.3	4.9	-0.65	158	0.71	241.44
0.655	12.76	597.01	3.74	0.26	4.92	-0.69		0.47	
0.665	12.79	587.93							
0.675	12.81	574.31	3.72	0.17	4.84	-0.7	193	0.3	295.91
0.685	12.84	558.42	3.71	0.17	4.8	-0.72	299	0.36	524.79
0.695	12.86	542.53							
0.705	12.89	533.45	3.78	0.37	4.84	-0.58	325	0.34	546.55
0.715	12.91	524.37							
0.725	12.94	513.02	3.78	0.33	4.8	-0.7		0.19	
0.735	12.96	503.94					304	0.06	303.67
0.745	12.99	494.86						0.19	
0.755	13.01	481.24	3.79	0.38	5.03	-0.6	344	0.34	60.36
0.765	13.04	472.16						0.2	
0.775	13.06	465.35							
0.785	13.09	467.62	3.83	0.24	5.33	-0.37	339	0.11	36.26
0.795	13.11	478.97	3.43	0.05	4.98	-0.61		0.18	
0.805	13.14	490.32	3.66	-0.04	4.96	-0.59		0.23	
0.815	13.16	494.86	3.61	0.1	4.75	-0.71	363	0.11	17.13
0.825	13.19	490.32	3.71	0.31	4.91	-0.58		0.16	
0.835	13.21	483.51					195	0	44.4
0.845	13.24	481.24						0.09	
0.855	13.27	483.51	3.8	0.14	4.92	-0.61		0	
0.865	13.29	490.32					252	0.09	25.12
0.875	13.32	503.94	3.75	0.2	5.02	-0.63			
0.885	13.34	522.1	3.86	0.17	4.94	-0.61		0.11	
0.895	13.37	540.26					224	0.16	35.84
0.905	13.39	558.42	3.98	0.17	5.15	-0.61		0.19	
0.915	13.42	578.85					253	0.12	47.85
0.925	13.44	599.28	3.64	0.15	4.81	-0.7			
0.935	13.47	615.17	3.44	-0.04	5	-0.62		0.4	
0.945	13.49	621.98	3.83	0.18	5.01	-0.7	306	0.27	71.29
0.955	13.52	621.98	3.44	0.08	5.14	-0.53		0.75	
0.965	13.54	624.25							
0.975	13.57	624.25	3.78	0.16	5.08	-0.6	243	0.48	151.68
0.985	13.59	621.98						0.58	
0.995	13.62	610.63			4.93	-0.66	346	1.16	239.15
1.005	13.64	594.74	4.04	0.2	4.85	-0.73		0.63	
1.015	13.67	569.77	3.6	-0.03	4.84	-0.75	157	0.71	171.33
1.025	13.69	542.53	3.87	0.24	5.02	-0.64		0.79	
1.035	13.72	517.56	3.73	0.16	4.91	-0.65	193	1.53	237.82
1.045	13.74	490.32	3.8	0.08	4.93	-0.57	166	1.3	310.96
1.055	13.77	467.62	3.73	-0.01	4.98	-0.47		0.91	
1.065	13.79	449.46						0.87	
1.075	13.82	442.65	3.5	0.12	4.65	-0.69	127	0.99	277.76
1.085	13.84	442.65	3.89	0.29	5.05	-0.6	168	0.85	249.49
1.095	13.87	454							
1.105	13.9	472.16	3.75	0.07	5.2	-0.55	199	1.03	114.56
1.115	13.92	488.05							
1.125	13.95	510.75	3.67	0.15	4.62	-0.7	110	0.74	145.96
1.135	13.97	540.26	3.62	0.15	4.97	-0.6		1.35	
1.145	14	562.96	3.68	0.26			133	0.28	136.34
1.15	14.01		3.87	-0.09					
1.155	14.02	576.58	3.59	-0.12	5.13	-0.57		0.42	
1.165	14.05	578.85					232	0.7	212.54
1.175	14.07	578.85	3.5	0				0.47	
1.185	14.1	576.58			4.36	-0.81		0.54	
1.195	14.12	572.04	3.59	-0.03	4.95	-0.58		0.45	
1.205	14.15	560.69	3.45	-0.22	5.06	-0.6	110	0.44	170.54
1.215	14.17	551.61	3.43	0.07	4.92	-0.55		1.24	
1.225	14.2	544.8	3.24	-0.21	4.75	-0.52	154	1.53	518.87
1.235	14.22	537.99						1.27	
1.245	14.25	540.26	3.3	0			93	1.3	277.91
1.255	14.27	547.07	3.41	-0.14	4.82	-0.76		0.93	
1.265	14.3	553.88						1.49	
1.275	14.32	558.42	3.57	-0.13	4.9	-0.51	37	1.82	611.84
1.285	14.35	567.5	3.39	-0.04	4.95	-0.64	203	1.22	619.76
1.295	14.37	583.39	3.03	-0.24			308	1.43	314.03
1.305	14.4	601.55	3.44	0.08	4.86	-0.7	227	1.94	389.53
1.315	14.42	615.17						1.42	
1.325	14.45	621.98	3.2	0	3.89	-1.02	201	1.27	205.18
1.335	14.47	615.17	2.77	-0.55			8	0.91	511.7
1.345	14.5	603.82					222	1.77	686.32
1.355	14.58	599.28	3.36	0.04	4.63	-0.79		2.04	
1.365	14.66	590.2	2.82	-0.36	4.46	-0.75	286	1.86	802.68
1.375	14.75	560.69	2.95	0.39	3.8	-0.99		3.12	
1.385	14.83	506.21	3.27	0.19	4.29	-0.74	221	3.88	991.8
1.395	14.91	456.27	3.33	0.04				5.24	
1.405	14.99	431.3	3.55	-0.04	3.73	-0.91	173	5.34	1173.89
1.415	15.08	419.95	3.15	-0.04				6.49	
1.425	15.16	410.87	3.26	0	3.61	-1.1	106	10.19	1493.52
1.435	15.24	404.06	3.34	0.14	3.57	-0.98		9.24	
1.445	15.32	399.52	2.92	-0.13			114	9.97	1142.35
1.455	15.4	385.9	3.16	0	3.6	-0.95		14.78	
1.465	15.49	358.66	2.75	-0.11	3.05	-1.13		7.4	
1.475	15.57	297.37	2.7	-0.14	3.33	-1.08	178	5.92	1149.27
1.485	15.65	197.49	3.25	0.06				7.55	
1.495	15.69	223.6						6.06	
1.505	15.72	249.7	2.87	-0.02	4	-0.73	102	7.42	1456.95
1.515	15.76	275.8						6.61	
1.525	15.79	301.91	2.68	-0.31	3.7	-0.94		8.65	
1.535	15.83	358.66						6.3	
1.545	15.86	376.82	3.06	-0.12	3.5	-0.75	123	4.73	1371.56
1.555	15.9	383.63	3.13	-0.02	3	-1.13		7.27	
1.565	15.93	383.63					37	5.49	1144.98
1.575	15.97	379.09	2.9	-0.09	4.08	-0.72		6.73	
1.585	16	367.74	3.16	-0.06			102	5.76	1086.14
1.595	16.04	363.2						7.85	
1.605	16.08	356.39	3.66	0.15	4.73	-0.53	105	8	1300.62
1.615	16.11	351.85						6.97	
1.625	16.15	349.58	2.26	-0.25	4.09	-0.56		7.83	
1.635	16.18	349.58	3.25	-0.05	4.55	-0.57	44	9.41	1234.83
1.645	16.22	342.77						10.91	
1.655	16.25	324.61	3.36	0.07	4.51	-0.41		14.72	
1.665	16.29	315.53	2.14	-0.06			41	17.85	2592.87
1.675	16.32	329.15	2.12	-0.05	3.94	-0.78		12.29	
1.685	16.36	365.47					3	4.87	705.44
1.695	16.4	388.17	2.18	-0.26	3.45	-1.02		4.76	
1.705	16.43	381.36	2.27	-0.06	4.5	-0.61	158	8.78	1000.35
1.715	16.47	351.85	2.66	-0.11				9.79	
1.725	16.5	329.15	2.49	-0.15				13.86	
1.735	16.54	320.07	2.67	-0.29	3.74	-0.89	144	12.01	1848.03
1.745	16.57	320.07	2.85	-0.18				8.32	
1.755	16.61	313.26	3.1	-0.15	4.09	-0.88		7.42	
1.765	16.64	299.64	3.42	-0.07	4.15	-0.67	181	4.67	1160.23
1.775	16.68	292.83	3.12	-0.26				6.81	
1.785	16.71	297.37	3.46	-0.34	4.24	-0.86	229	8.98	1286
1.795	16.75	315.53						8.06	
1.805	16.79	338.23	3.59	0.05	4.35	-0.69	232	6.23	918.96
1.815	16.82	354.12	3.61	-0.09	4.32	-0.56		5.89	
1.825	16.86	367.74	3.89	0	4.58	-0.6		6.3	
1.835	16.89	374.55	3.65	-0.05			335	5.28	1066.1
1.845	16.93	383.63	3.63	-0.08			379	5.37	1039.52
1.855	16.96	388.17	3.15	0.01	4.14	-0.2		5.41	
1.865	17	390.44	3.63	-0.01	4.13	-0.72	210	4.4	1027.58
1.875	17.03	385.9	3.47	-0.17				4.89	
1.885	17.07	381.36	3.71	0.04	4.94	-0.47		7.41	
1.895	17.1	374.55	3.76	0.03				9.8	
1.905	17.14	365.47	3.77	0.24	4.03	-0.66	136	11.78	1748.52
1.915	17.18	354.12	3.58	-0.01				15.03	
1.925	17.21	345.04	3.84	-0.07	4.76	-0.3	29	20.67	1966.31
1.935	17.25	322.34	4.1	0.19	4.21	-0.71		20.82	
1.945	17.28	295.1	4.22	0.19	5.02	-0.52	69	13.55	2153.12
1.955	17.32	274.67	4.58	0.33	5.51	-0.25	13	22.66	2165.67
1.965	17.35	270.13	3.5	-0.47	5.44	-0.36		30.88	
1.975	17.39	286.02	4.53	0.13	5.29	-0.59	278	18.52	1675.75
1.985	17.42	306.45	3.89	-0.24	4.8	-0.73		12.73	
1.995	17.46	320.07	4.4	0.22	5.35	-0.4	205	5.74	850.81
2.005	17.5	329.15	3.84	-0.33	5.44	-0.26	8	7.28	1438.08
2.015	17.53	356.39	4.31	0.06	5.31	-0.42		10.29	
2.025	17.57	406.33	4.62	0.22	5.41	-0.46	92	6.75	1443.05
2.035	17.6	435.84	3.95	-0.23	4.46	-0.82		5.71	
2.045	17.64	433.57	4.61	0.04	5.49	-0.48	329	8.03	1566.61
2.055	17.67	415.41						7.61	
2.065	17.71	394.98	4.58	0.22	5.12	-0.52			
2.075	17.74	376.82	4.5	0.01	5.18	-0.73	413	7.37	1767.04
2.085	17.78	363.2	4.23	0.02	4.95	-0.66		10.19	
2.095	17.81	358.66							
2.105	17.85	358.66	4.74	0.21	5.1	-0.52	95	14.99	1908.08
2.115	17.87	356.39						12.15	
2.125	17.89	354.12	4.61	0.06	5.23	-0.51		12.98	
2.135	17.92	345.04						11.38	
2.145	17.94	333.69	4.36	-0.13	5.04	-0.84	337	9.92	2610.47
2.155	17.96	315.53	4.76	0.12	5.28	-0.54		16.64	
2.165	17.98	299.64	4.45	-0.02	5.3	-0.53	365	13.03	3437.8
2.175	18.01	292.83						6.91	
2.185	18.03	288.29	4.26	-0.01	5.4	-0.56		5.11	
2.195	18.05	290.56						5.43	
2.205	18.07	295.1	4.75	0.3	5.52	-0.63	139	5.35	1834.26
2.215	18.1	299.64							
2.225	18.12	295.1						4.24	
2.235	18.14	288.29	4.66	-0.01	4.82	-0.97	183	3.78	1379.39
2.245	18.16	276.94							
2.255	18.19	267.86	4.6	0.04	5.33	-0.61		5.28	
2.265	18.21	258.78							
2.275	18.23	251.97	5.01	0.25	5.32	-0.55	112	4.18	1533.5
2.285	18.25	251.97						5.28	
2.295	18.27	254.24						6.99	
2.305	18.3	256.51	4.72	0.09	5.35	-0.68	96	6.92	1745.36
2.315	18.32	256.51							
2.325	18.34	258.78	4.48	-0.17	5.28	-0.61	135	6.84	2022.41
2.335	18.36	258.78						6.86	
2.345	18.39	274.67						11.28	
2.355	18.41	299.64	4.55	0.01	5.38	-0.49	12	13.02	3257.69
2.365	18.43	322.34							
2.375	18.45	324.61						4.59	
2.385	18.48	306.45	4.43	0.01	5.24	-0.59	66	4.13	1398.18
2.395	18.5	283.75						9.13	
2.405	18.52	283.75	4.62	0.06	5.45	-0.5	135	13.46	4369.14
2.415	18.54	308.72							
2.425	18.56	326.88						11.08	
2.435	18.59	313.26	4.45	-0.06	5.25	-0.56	131	10.95	2000.65
2.445	18.61	286.02						9.62	
2.455	18.63	274.67	4.6	0.09		-0.32		8	
2.465	18.65	274.67							
2.475	18.68	281.48						9.68	
2.485	18.7	288.29	4.45	-0.06	5.14	-0.73	174	8.78	2280.57
2.49	18.71		4.61	0.03					
2.495	18.72	297.37							
2.505	18.74	299.64	4.77	0.17	5.48	-0.44	173	8.79	2385.08
2.515	18.77	306.45							
2.525	18.79	317.8	4.61	0.07	5.33	-0.55	118	12.74	2881.68
2.535	18.81	324.61						12.8	
2.545	18.83	326.88							
2.555	18.86	331.42	4.6	-0.01	5.29	-0.41	19	15.9	2709.18
2.565	18.88	338.23							
2.575	18.9	340.5	4.61	0.02	5.38	-0.54	173	8.82	2317.2
2.585	18.92	347.31						10.84	
2.595	18.94	349.58							
2.605	18.97	347.31	4.72	0.16	5.31	-0.38	93	9.88	2066.06
2.615	18.99	335.96							
2.625	19.01	329.15	4.6	-0.09	5.22	-0.64	69	22.83	2870.93
2.635	19.03	313.26						17.58	
2.645	19.06	295.1							
2.655	19.08	283.75			5.25	-0.43	221	11.56	1521.85
2.665	19.1	267.86							
2.675	19.12	249.7						4.47	
2.685	19.15	247.43	4.66	-0.03	5.2	-0.59	297	3.55	1190.2
2.695	19.17	265.59							
2.705	19.19	290.56	4.49	-0.1	5.42	-0.38	276	5.91	947.46
2.715	19.21	306.45							
2.725	19.24	308.72	4.55	0.09	5.38	-0.54	230	3.52	818.75
2.735	19.26	306.45						5.54	
2.745	19.28	304.18			5.1	-0.72	44	5.96	903.36
2.755	19.3	297.37	4.73	-0.03	5.47	-0.55	9	5.09	923.73
2.765	19.32	283.75							
2.775	19.35	270.13						5.14	
2.785	19.37	270.13	4.62	0.01			265	3.9	833.32
2.795	19.39	279.21							
2.805	19.41	295.1							
2.815	19.44	308.72						4.46	
2.825	19.46	315.53						5.64	
2.835	19.48	315.53	4.5	0.01	5.24	-0.47	13	4.92	748.61
2.845	19.5	310.99						6.69	
2.855	19.53	299.64	4.72	0.21	5.2	-0.47	210	3.8	1099.6
2.865	19.55	288.29						4.7	
2.875	19.57	286.02						3.17	
2.885	19.59	288.29	4.55	-0.08	5.12	-0.67	316	4.49	629.44
2.895	19.62	297.37						4.52	
2.905	19.64	304.18	4.61	0.25	5.54	-0.49		4.84	
2.915	19.66	306.45						3.77	
2.925	19.68	306.45					154	4.58	379.92
2.935	19.7	306.45						3.75	
2.945	19.73	308.72						4.07	
2.955	19.75	313.26	4.68	0.13	5.41	-0.32	198	3.54	418.18
2.965	19.77	324.61						3.24	
2.975	19.79	335.96						2.93	
2.985	19.82	345.04					143	3.65	368.02
2.995	19.84	345.04							
3.005	19.86		4.5	0.18	5.18	-0.54	259	5.18	482.97
3.015	19.88							8.52	
3.025	19.91	429.03						3.35	
3.035	19.93	465.35						3.36	
3.045	19.95	481.24						2.54	
3.055	19.97	483.51	4.72	0.11	5.63	-0.42		2.71	
3.065	19.99	481.24					286	3.47	433.19
3.075	20.02	454							
3.085	20.04	467.62							
3.095	20.06	458.54							
3.105	20.08	456.27	4.27	0.12	5.19	-0.46	231	4.03	878.44
3.115	20.11	460.81							
3.125	20.13	469.89					509	5.66	771.38
3.135	20.15	483.51							
3.145	20.17	497.13							
3.155	20.2	499.4	4.53	0.11	5.08	-0.63		6.31	
3.165	20.22	483.51							
3.175	20.24	454					325	3.6	732.61
3.185	20.26	426.76							
3.195	20.29	415.41							
3.205	20.31	408.6	4.52	-0.02	5.2	-0.52	194	6.15	1442.87
3.215	20.33	399.52							
3.225	20.35	388.17							
3.235	20.37	383.63							
3.245	20.4	379.09							
3.255	20.42	383.63	4.83	0.08	5.45	-0.4		12.14	
3.265	20.44	397.25							
3.275	20.46	417.68							
3.285	20.49	447.19							
3.295	20.51	476.7							
3.305	20.53	497.13	4.67	-0.11	5.41	-0.52	114	11.45	2575.37
3.315	20.55	492.59							
3.325	20.58	485.78						4.39	
3.335	20.6	469.89					174	4.48	1954.82
3.345	20.62	449.46						7.26	
3.355	20.64	429.03	4.65	0.1	5.47	-0.56		9.82	
3.365	20.67	426.76						11.9	
3.375	20.69	433.57					161	10.38	3154.46
3.385	20.71	410.87							
3.395	20.73	376.82							
3.405	20.75	370.01	4.63	0.06	5.48	-0.46	193	10.96	2764.95
3.415	20.78	381.36							
3.425	20.8	401.79							
3.435	20.82	419.95					190	11.91	2254.76
3.445	20.84	444.92							
3.455	20.87	467.62	4.73	0	5.23	-0.69		9.93	
3.465	20.89	483.51							
3.475	20.91	492.59					199	3.58	307.61
3.485	20.93	499.4							
3.495	20.96	506.21						3.29	
3.505	20.98	501.67	4.65	0.15	5.38	-0.68	202	3.22	1462.73
3.515	21	492.59						3.11	
3.525	21.02	472.16					357	2.54	1298.28
3.535	21.05	444.92						2.86	
3.545	21.07	408.6			5.36	-0.78	342	4.57	1509.89
3.555	21.09	374.55						5.64	
3.565	21.11	345.04					290	9.43	1995.04
3.575	21.13	329.15						10.46	
3.585	21.16	315.53	4.56	0.09	5.29	-0.66			
3.595	21.18	306.45						9.32	
3.605	21.2	301.91	4.46	-0.04	5.31	-0.55	180	8.14	2309.81
3.615	21.22	301.91						8.7	
3.625	21.25	306.45	4.64	0.15	5.44	-0.64	306	15.37	3378.92
3.635	21.27	313.26						13.31	
3.645	21.29	317.8						10.22	
3.655	21.31	329.15						12.64	
3.665	21.34	335.96	4.77	-0.03	5.43	-0.66	319	12.72	2619.12
3.675	21.36	342.77						5.5	
3.685	21.38	345.04	4.76	0.24	5.51	-0.82	270	6.09	1070.05
3.695	21.4	347.31						6.24	
3.705	21.42	349.58	4.76	0.06	5.39	-0.69	40	7.07	213.64
3.715	21.45	342.77						5.66	
3.725	21.47	340.5					183	3.75	705.67
3.735	21.49	333.69						3.46	
3.745	21.51	329.15	4.71	-0.01	5.5	-0.68			
3.755	21.54	331.42						4.84	
3.765	21.56	342.77					131	7.18	971.57
3.775	21.58	360.93						8.1	
3.785	21.6	370.01	4.68	0.07	5.44	-0.55			
3.795	21.63	379.09							
3.805	21.65	385.9	4.52	-0.02	5.44	-0.64	229	7.88	909.08
3.815	21.67	392.71							
3.825	21.69	406.33	4.81	0.11	5.39	-0.8		11.28	
3.835	21.72	429.03					284	11.69	1614.83
3.845	21.74	442.65						17.84	
3.855	21.76	442.65					291	18.47	3141.3
3.865	21.78	438.11	4.64	0.04	5.36	-0.6		14.25	
3.875	21.8	438.11						12.52	
3.885	21.83	429.03					303	13.28	2082.96
3.895	21.85	410.87						7.86	
3.905	21.87	388.17	4.52	0.13	5.24	-0.65	344	7.7	807.65
3.915	21.89	365.47						5.71	
3.925	21.92	345.04							
3.935	21.94	331.42					350	4.95	562.77
3.945	21.96	329.15	4.7	0.1	5.42	-0.6		3.34	
3.955	21.98	335.96							
3.965	22.01	342.77					521	3.07	338.82
3.975	22.03	347.31							
3.985	22.05	354.12	4.74	0.04	5.32	-0.58		3.78	
3.995	22.07	360.93							
4.005	22.1	363.2	4.69	0.14	5.23	-0.59	446	4.1	323.37
4.015	22.12	365.47							
4.025	22.14	370.01	4.68	0.02	5.47	-0.5		3.2	
4.035	22.16	379.09							
4.045	22.18	388.17					436	6.19	728.84
4.055	22.21	392.71							
4.065	22.23	390.44	4.79	0.07	5.35	-0.57		5.32	
4.075	22.25	388.17							
4.085	22.27	388.17						4.18	
4.095	22.3	390.44							
4.105	22.32	388.17	4.76	0.2	5.38	-0.57	437	3.68	667
4.115	22.34	388.17							
4.125	22.36	388.17						4.56	
4.135	22.39	385.9					550	8.43	1022.26
4.145	22.41	390.44	4.6	0.1				7.33	
4.155	22.43	392.71							
4.165	22.45	397.25					669	7.93	1223.02
4.175	22.48	410.87							
4.185	22.5	426.76	4.75	0.2	5.55	-0.48		8.11	
4.195	22.52	438.11							
4.205	22.54	444.92					178	8.33	838.99
4.215	22.56	447.19						5.69	
4.225	22.59	449.46	4.66	0.22	5.55	-0.34		3.72	
4.235	22.61	454						4.9	
4.245	22.63	456.27						7.97	
4.255	22.65	463.08							
4.265	22.68	467.62	4.97	0.25	5.62	-0.22		7	
4.275	22.7	469.89					109	10.44	1127.23
4.285	22.72	469.89	4.59	0.01	5.26	-0.47		10.95	
4.295	22.74	467.62							
4.305	22.77	456.27	4.59	0	5.27	-0.51	332	7.48	931.91
4.315	22.79	460.81							
4.325	22.81	501.67						10.71	
4.335	22.83	547.07							
4.345	22.85	567.5	4.56	0.2	5.55	-0.34		11.51	
4.355	22.88	560.69							
4.365	22.9	544.8					56	7.48	1448.12
4.375	22.92	517.56							
4.385	22.94	488.05	4.53	0.3	5.52	-0.42		5.3	
4.395	22.97	458.54							
4.405	22.99	435.84	4.38	0.22	5.29	-0.49	182	2.83	1586.3
4.415	23.01	410.87							
4.425	23.03	390.44	4.65	0.22				3.05	
4.435	23.06	376.82					64	3.09	1362.32
4.445	23.08	372.28						2.55	
4.455	23.1	372.28							
4.465	23.12	370.01	4.77	0.21	5.52	-0.54		2.7	
4.475	23.15	358.66					147	2.36	1456
4.485	23.17	342.77	4.65	0.2	5.55	-0.34		3.27	
4.495	23.19	288.29	4.89	0.02			157	3.48	1844.86
4.505	23.2	318						3.99	
4.515	23.2	347							
4.525	23.21	367.74	5	0.04				3.37	
4.535	23.21	410.87						2.73	
4.545	23.22	444.92					67	4.98	1091.49
4.555	23.23	476.7	4.81	0.41	5.43	-0.52		3.4	
4.565	23.23	517.56						2.87	
4.575	23.24	576.58						2.41	
4.585	23.25	656.03							
4.595	23.25	753.64	4.8	0.06	5.46	-0.55	128	4.47	851.05
4.605	23.26	805.85	4.52	0.3	5.4	-0.51	345	5.46	807.7
4.615	23.26	783.15							
4.625	23.27	751.37						2.3	
4.635	23.28	744.56	4.51	0.05	5.23	-0.58		2.45	
4.645	23.28	751.37	4.78	0.16				2.08	
4.655	23.29	776.34	4.56	0.21	5.39	-0.57		2.98	
4.665	23.29	824.01							
4.675	23.3	855.79	4.63	0.01	5.28	-0.54	329	11.52	1081.71
4.685	23.33	858.06							
4.695	23.36	835.36	4.89	0.26				8.48	
4.705	23.4	787.69	4.7	0.06	5.33	-0.5	135	14.28	2340.88
4.715	23.43	733.21							
4.725	23.46	683.27					266	6.97	1278.8
4.735	23.49	649.22							
4.745	23.53	621.98	4.7	0.19	5.14	-0.74	279	8.28	1800.18
4.755	23.56	590.2							
4.765	23.59	560.69	4.52	0.16	5.35	-0.47		6.84	
4.775	23.62	535.72							
4.785	23.66	510.75					139	5.73	808.01
4.79	23.67		4.35	0.03					
4.795	23.69	483.51	4.66	-0.11	5.49	-0.43	72	8.34	1368
4.805	23.72	454							
4.815	23.75	431.3						6.19	
4.825	23.79	417.68	4.61	0.12	5.53	-0.74	107	3.69	604.98
4.835	23.82	408.6							
4.845	23.85	392.71	4.61	-0.1			181	1.97	362.69
4.855	23.88	376.82							
4.865	23.92	372.28							
4.875	23.95	383.63	4.12	-0.02	5.17	-0.94	172	2.05	392.06
4.885	23.98	413.14							
4.895	24.01	469.89	4.46	0.04	5.3	-0.72	126	2.22	414.69
4.905	24.05	547.07							
4.915	24.08	610.63							
4.925	24.11	628.79	4.38	0.1	5.16	-0.61	372	13.46	741.18
4.935	24.14	610.63							
4.945	24.18	574.31	4.44	-0.09	5.09	-0.68	391	20.54	2000
4.955	24.21	537.99							
4.965	24.24	526.64							
4.975	24.27	549.34							
4.985	24.3	572.04							
4.995	24.34	576.58	3.99	-0.43	5.11	-0.49	116	21.84	2781.37
5	24.35		4.15	0.09					
5.005	24.37	569.77							
5.015	24.4	567.5					345	9.63	1151.15
5.025	24.43	549.34	4.55	0.18	5.28	-0.4		8.89	
5.035	24.47	517.56					414	8.22	1097.52
5.045	24.5	501.67	4.49	-0.09	5	-0.78	476	6.76	1255.09
5.055	24.53	499.4						7.49	
5.065	24.56	506.21	4.62	-0.01	5.24	-0.65		6.71	
5.075	24.6	513.02						8.02	
5.085	24.63	515.29						6.45	
5.09	24.64		4.25	0.12					
5.095	24.66	519.83	4.43	-0.27	5.05	-0.52	18	7.12	2255.21
5.105	24.69	528.91						10.03	
5.115	24.73	542.53						7.15	
5.125	24.76	562.96	4.58	0.23	5.29	-0.43		4.91	
5.135	24.79	565.23						4.86	
5.145	24.82	556.15	4.58	-0.02	5.08	-0.57	354	8.97	1222.58
5.155	24.86	556.15						6.99	
5.165	24.89	556.15						6.83	
5.175	24.92	549.34					325	14.21	2135
5.185	24.95	542.53						11.5	
5.195	24.99	549.34	4.44	-0.07	5.25	-0.72		12.16	
5.2	25		4.55	0.09					
5.205	25.02	572.04	4.47	0.04				6.61	
5.215	25.05	594.74	4.59	0.1	5.06	-0.49	129	8.4	1097.48
5.225	25.08	597.01							
5.235	25.11	594.74							
5.245	25.15	590.2	4.02	0.01	5.01	-0.57	150	7.24	1320.78
5.255	25.18	581.12							
5.265	25.21	558.42					406	5.57	854.75
5.275	25.24	533.45	4.31	0.18	4.9	-0.78		6.22	
5.285	25.28	510.75							
5.295	25.31	488.05		0.21	4.88	-0.74	494	8.97	1186.75
5.305	25.34	469.89							
5.315	25.37	460.81					299	8.89	1019.53
5.325	25.41	458.54	4.22	0	4.73	-0.62		6.36	
5.335	25.44	449.46							
5.345	25.47	444.92	4.24	0.18	4.51	-0.91	117	3.59	823.57
5.355	25.5	433.57							
5.365	25.54	397.25							
5.375	25.57	342.77	3.91	-0.19	4.53	-0.7		1.39	
5.385	25.6	306.45							
5.395	25.63	288.29	4.45	0.17	5.03	-0.54	73	1.94	533.29
5.405	25.67	276.94							
5.415	25.7	272.4							
5.425	25.73	263.32	4.43	0.18	4.75	-0.59		0.9	
5.435	25.76	251.97							
5.445	25.8	242.89	4.58	0.09	4.82	-0.64	22	1.29	485.5
5.455	25.83	236.08							
5.465	25.86	227							
5.475	25.89	222.46	4.42	0.09	4.87	-0.49		2.79	
5.485	25.93	222.46							
5.495	25.96	222.46		0.27	4.71	-0.71	51	4.5	821.74
5.505	25.99	224.73							
5.515	26.02	229.27							
5.525	26.05	231.54	4.69	0.17	5.24	-0.56		2.87	
5.535	26.09	231.54							
5.545	26.12	233.81	4.67	0.37	5.04	-0.66	72	4.81	598.3
5.555	26.15	240.62							
5.565	26.18	254.24							
5.575	26.22	270.13	4.48	0.31	4.89	-0.64		3.67	
5.585	26.25	288.29							
5.595	26.28	315.53	4.59	0.29	4.93	-0.68	92	3.59	360.96
5.605	26.31	390.44							
5.615	26.35	503.94							
5.625	26.38	535.72	4.52	0.28	4.8	-0.82		2.14	
5.635	26.41	431.3							
5.645	26.44	324.61	4.67	0.05	5.12	-0.73	132	1.64	276.67
5.655	26.48	274.67							
5.665	26.51	251.97							
5.675	26.54	245.16	4.37	0.21	4.87	-0.71		1.42	
5.685	26.57	242.89							
5.695	26.61	247.43	4.4	0.11	5.09	-0.61		1.93	
5.705	26.64	258.78	4.54	0.05	4.85	-0.68	156	2.94	461.05
5.715	26.67	265.59							
5.725	26.7	265.59	4.4	0.18	5.13	-0.62		1.34	
5.735	26.74	270.13							
5.745	26.77	281.48	4.54	-0.01	5.19	-0.56	148	1.98	499.91
5.755	26.8	295.1							
5.765	26.83	306.45							
5.775	26.86	313.26	4.21	0.14	4.8	-0.54		1.15	
5.785	26.9	308.72							
5.795	26.93	304.18	4.65	-0.1	4.99	-0.61	121	1.94	770.15
5.805	26.96	304.18							
5.815	26.99	306.45							
5.825	27.03	310.99	4.34	0.2	5.03	-0.48		1.87	
5.835	27.06	313.26							
5.845	27.09	324.61					1	3.3	33.21
5.855	27.12	335.96							
5.865	27.16	349.58							
5.875	27.19	363.2	4.43	0.26	5.19	-0.48		0.66	
5.885	27.22	381.36							
5.895	27.25	404.06	4.59	0.22	5	-0.64	66	2.06	530.15
5.905	27.29	424.49							
5.915	27.32	440.38							
5.925	27.35	456.27							
5.935	27.38	463.08						2.19	
5.945	27.42	463.08	4.71	0.09	5.21	-0.47	162	1.41	554.13
5.955	27.45	460.81							
5.965	27.48	438.11							
5.975	27.51	394.98	4.36	0.25	5.2	-0.42	306	1.01	498.77
5.985	27.55	354.12							
5.995	27.58	396.68	4.51	-0.06	5.18	-0.56	243	2.2	673.19
6.005	27.61	439.24							
6.015	27.64	481.81	4.6	0.33	5.27	-0.58	59	0.23	205.79
6.025	27.68	524.37							
6.035	27.71	597.01	4.88	0.13	5.33	-0.59	516	0.74	116.22
6.045	27.74	635.6							
6.055	27.8	646.95	4.6	0.09			287	2.9	596.71
6.065	27.87	633.33	4.63	0.04	5.37	-0.48	327	3.52	771.81
6.075	27.93	597.01	4.41	0	5.39	-0.55		1.36	
6.085	27.99	537.99							
6.095	28.06	474.43	4.73	0.25	5.37	-0.67		0.73	
6.105	28.12	426.76	4.37	0.13	4.78	-0.64	199	2.68	401.86
6.115	28.18	399.52							
6.125	28.25	381.36	4.35	-0.01	4.96	-0.6		1.49	
6.135	28.31	372.28							
6.145	28.37	367.74	4.29	0.19	4.86	-0.65	112	1.47	321.72
6.155	28.43	370.01	4.02	0.19	4.85	-0.57		1.31	
6.165	28.5	379.09	4.37	-0.01	4.91	-0.45	95	1.46	210.45
6.175	28.56	401.79	4.33	0.2	5.09	-0.7		1.04	
6.185	28.62	438.11	4.53	0.24	5.14	-0.65		1.06	
6.195	28.69	481.24						0.71	
6.205	28.75	540.26	4.29	-0.09	5.27	-0.44	56	1.6	59.03
6.215	28.81	603.82						1.07	
6.225	28.88	667.38	4.39	-0.06	5.38	-0.65		1.08	
6.235	28.94	726.4						0.73	
6.245	28.98	792.23			5.48	-0.62	359	1.35	99.79
6.255	29.02	821.74						0.8	
6.265	29.06	755.91	4.42	-0.16	5.25	-0.75		0.51	
6.275	29.1	676.46						0.92	
6.285	29.14	612.9	4.37	-0.25	5.33	-0.81	201	1.9	128.77
6.295	29.18	533.45						1.35	
6.305	29.22	454	4.86	0.02				1.8	
6.31	29.24				5.14	-0.95			
6.315	29.26	404.06	4.59	0.03	5.13	-0.73	134	3.94	421.7
6.325	29.3	376.82	4.45	-0.33	4.92	-0.62		5.46	
6.335	29.34	365.47						3.73	
6.345	29.38	383.63	4.23	-0.15	4.93	-0.57	243	7.43	897.05
6.355	29.42	413.14						7.12	
6.365	29.46	422.22	4.11	-0.14	4.55	-0.77	271	6.24	1210.07
6.375	29.5	404.06						3.32	
6.385	29.54	367.74	4.37	-0.09	4.69	-0.68		4.42	
6.395	29.58	335.96	3.83	-0.11	4.28	-0.87		4.25	
6.405	29.62	324.61	4.12	-0.2	4.34	-0.81	131	3.27	481.41
6.415	29.66	322.34	4.12	-0.04	4.51	-0.61		3.58	
6.425	29.7	322.34	4.24	-0.07	4.24	-0.77		3.05	
6.435	29.74	322.34	3.49	-0.19	4.07	-0.79		4.56	
6.445	29.78	322.34	3.85	-0.09	4.56	-0.74	50	5.47	744.51
6.455	29.82	322.34	3.89	-0.03	4.26	-0.65		5.93	
6.46	29.84				4.55	-0.96			
6.465	29.86	322.34	3.8	-0.14	4.56	-0.49	44	18.22	1694.11
6.475	29.9	310.99	3.76	0.01	4.07	-0.84		7.8	
6.48	29.92				4.37	-0.84			
6.485	29.94	292.83	4.07	-0.35	4.65	-0.71	46	4.41	670.59
6.495	29.98	274.67	3.8	0.12	4.59	-0.68		3.58	
6.505	30.02	258.78		0.18		-0.61			
6.515	30.06	251.97	4.12	0.21	4.71	-0.63		1.26	
6.525	30.1	247.43							
6.535	30.12	247.43	4.18	0.25	4.74	-0.55		1.88	
6.545	30.15	251.97	3.79	0.24	4.87	-0.73	18	2.23	495.46
6.555	30.17	263.32							
6.565	30.19	279.21	4.31	-0.02	4.95	-0.73	73	3.26	515.47
6.575	30.21	295.1							
6.585	30.24	310.99	4.34	0.2	5.24	-0.47		3.31	
6.595	30.26	335.96							
6.605	30.28	354.12	4.5	0.26	5.38	-0.46	139	3.24	365.92
6.615	30.31	374.55							
6.625	30.33	399.52	4.15	-0.01	4.91	-0.63		1.57	
6.635	30.35	424.49	4.19	0.12	4.87	-0.77	142	2.44	274.85
6.645	30.37	447.19	4.65	0.21	4.95	-0.82		3.33	
6.655	30.4	469.89							
6.665	30.42	499.4	4.78	0.23	5.23	-0.42	331	2.76	362.34
6.675	30.44	519.83							
6.685	30.47	517.56	4.58	0.14	5.26	-0.53		1.79	
6.695	30.49	497.13							
6.705	30.51	472.16	4.54	0.21	5.19	-0.33	480	2.89	406.58
6.715	30.53	456.27							
6.725	30.56	438.11	4.89	-0.03	5.11	-0.59		2.94	
6.735	30.58	419.95					167	4.39	
6.745	30.6	415.41	4.9	0.34	5.15	-0.51		7.09	
6.755	30.63	419.95						3.91	
6.765	30.65	429.03	4.49	0.4	5.11	-0.35	251	3.13	501.26
6.775	30.67	449.46	4.09	0.27	4.92	-0.53		3.11	
6.785	30.69	433.57	3.96	-0.03	4.96	-0.64		3.14	
6.795	30.72	392.71	4.29	0.36	4.81	-0.51		2.69	
6.805	30.74	365.47	4.39	0.43	4.97	-0.39	79	3.89	657.05
6.815	30.76	351.85							
6.825	30.79	349.58	4.44	0.35	4.89	-0.42		3.46	
6.835	30.81	342.77					163	3.1	616.82
6.845	30.83	340.5	4.39	0.23	4.49	-0.41		4.39	
6.855	30.85	338.23						3.69	
6.865	30.88	338.23	4.57	0.32	4.97	-0.23	22	2.89	426.69
6.875	30.9	333.69						2.8	
6.885	30.94	335.96	4.54	0.08	5.03	-0.31		2.72	
6.895	30.99	331.42					164	2.15	338.05
6.905	31.03	324.61	4.44	0.29	5.16	-0.41		1.87	
6.915	31.07	322.34							
6.925	31.12	320.07	4.46	0.06	4.61	-0.63	68	1.29	272
6.935	31.16	322.34						1.2	
6.945	31.21	331.42	4.51	0.15	4.99	-0.48		3.28	
6.955	31.25	347.31						1.18	
6.965	31.29	358.66	4.88	0.14	4.83	-0.58	182	1.55	376.44
6.975	31.34	360.93							
6.985	31.38	358.66	4.46	0.28	5.02	-0.44		1.13	
6.995	31.42	358.66							
7.005	31.47	356.39	4.34	0.35	4.62	-0.62	195	1.18	431.96
7.015	31.51	349.58							
7.025	31.55	347.31	4.32	0.21	5.09	-0.32		1.78	
7.035	31.6	349.58							
7.045	31.64	356.39	4.71	0.22	4.94	-0.41	48	1.73	524.48
7.055	31.68	374.55							
7.065	31.73	404.06	4.41	0.43	4.64	-0.4		0.66	
7.075	31.77	442.65	4.42	0.35	4.99	-0.36		0.65	
7.085	31.82	490.32							
7.095	31.86	540.26	4.59	0.34	5.2	-0.33	479	0.68	433.8
7.105	31.9	590.2							
7.115	31.95	626.52							
7.125	31.99	649.22	4.41	0.19		-0.64	221	0.68	200.1
7.135	32.03	662.84							
7.145	32.08	674.19		0.24	5.16	-0.56		0.49	
7.155	32.12	685.54							
7.165	32.19	678.73	4.32	0.17			491	0.81	223.03
7.175	32.25	665.11							
7.185	32.32	642.41							
7.195	32.39	603.82	4.53	0.03	5.16	-0.58	315	0.41	240.99
7.205	32.46	549.34							
7.215	32.52	501.67							
7.225	32.59	467.62	4.33	0.12	4.83	-0.53		1.98	
7.235	32.66	438.11							
7.245	32.72	426.76	4.39	0.4	4.93	-0.42	103	0.89	492.55
7.255	32.79	429.03							
7.265	32.86	447.19							
7.275	32.92	472.16	4.17	0.33	4.92	-0.4	186	2.39	1210.01
7.285	32.99	508.48							
7.295	33.06	547.07	4.19	0.12	4.88	-0.71		3.87	
7.305	33.13	576.58	4.44	0.25	4.41	-0.7	56	1.66	821.34
7.315	33.19	601.55							
7.325	33.26	633.33	4.25	0.31				0.64	
7.335	33.33	669.65							
7.345	33.39	699.16	4.57	0.42	5.42	-0.56	470	1.56	388.44
7.355	33.46	715.05	4.14	0.11	5.28	-0.57		1.13	
7.365	33.51	712.78	4.33	0.31	5.35	-0.59	558	1.64	293.53
7.375	33.56	692.35							
7.385	33.61	660.57							
7.395	33.66	612.9	4.13	0.4	5.2	-0.6	294	1.63	746.43
7.405	33.71	553.88							
7.415	33.76	501.67							
7.425	33.82	476.7	4.22	0.42	4.72	-0.58		2.49	
7.435	33.87	467.62							
7.445	33.92	463.08	4.5	0.25	4.86	-0.34	286	3.07	1104.58
7.455	33.97	463.08							
7.465	34.02	465.35	4.1	0.15	5.02	-0.33		2.56	
7.475	34.07	460.81	4.05	0.37				1.51	
7.485	34.12	431.3	4.6	0.7	4.99	-0.46			
7.495	34.23	448.32	4.48	0.52			225	1.9	934.7
7.505	34.35	465.35	4.35	0.51				1.26	
7.515	34.46	482.38					1	1.11	307.29
7.525	34.58	499.4	4.39	0.57	4.93	-0.59	291	0.36	382.86
7.535	34.69	624.25							
7.545	34.81	687.81	4.63	0.38	5.11	-0.64		0.59	
7.555	34.92	724.13							
7.565	35.04	737.75	4.5	0.47	5.08	-0.59		0.19	
7.575	35.15	735.48	4.16	-0.01	5.31	-0.5	388	0.14	224.78
7.585	35.19	728.67							
7.595	35.23	721.86	4.44	0.33	5.16	-0.5		0.33	
7.605	35.27	712.78	4.15	0.3					
7.615	35.31	694.62							
7.625	35.35	667.38	4.24	0.08	4.89	-0.73		0.66	
7.635	35.39	631.06							
7.645	35.43	585.66	4.49	0.13	5.1	-0.35	77	1.19	452.89
7.655	35.47	535.72	3.84	0.26	4.92	-0.61		0.92	
7.665	35.51	485.78						1.56	
7.675	35.55	444.92	4.06	0.21	4.48	-0.54		2.43	
7.685	35.59	413.14	3.93	0.13	4.59	-0.51		3.1	
7.695	35.63	392.71	4.34	0.09	4.15	-0.66	251	3.4	1064.94
7.705	35.67	376.82	4.01	0.31	4.26	-0.52		2.77	
7.715	35.71	365.47			4.45	-0.45		1.8	
7.725	35.84	358.66	4.44	0.6	4.47	-0.46		2.29	
7.735	35.97	358.66	4.51	0.59	4.59	-0.27		1.67	
7.745	36.1	365.47	4.3	0.69	4.68	-0.36	174	3.48	1005.99
7.755	36.23	379.09	4.21	0.45				2.17	
7.765	36.37	392.71	4.25	0.3	4.95	-0.27		1.39	
7.775	36.5	404.06						1.48	
7.785	36.63	413.14	4.03	0.22			12	1.73	1191.16
7.795	36.76	422.22						2.36	
7.805	36.89	424.49	4.49	0.51	4.86	-0.26	527	3.27	1061.14
7.815	37.02	431.3	4.18	0.49	4.83	-0.43		1.71	
7.825	37.15	444.92	4.26	0.38				0.49	
7.835	37.28	478.97	4.15	0.43	4.86	-0.47			
7.845	37.41	522.1	4.37	0.31	5.17	-0.49	448	0.24	276.04
7.855	37.54	565.23							
7.865	37.68	606.09	4.25	0.36	4.93	-0.44			
7.875	37.81	633.33	4.01	0.33	4.83	-0.51		0.03	
7.885	37.94	646.95							
7.895	38.07	649.22	4.56	0.25	5.29	-0.46		0.16	
7.905	38.2	644.68			5.23	-0.44	244	0.36	183.4
7.915	38.26	640.14	4.23	0.35	5.05	-0.47			
7.925	38.31	635.6	3.84	0.28				0.1	
7.935	38.37	635.6	4.29	0.44	5.09	-0.45			
7.945	38.42	633.33	4.46	0.13	5.15	-0.5		0.49	
7.955	38.48	631.06							
7.965	38.53	633.33	4.32	0.45	5.13	-0.45			
7.975	38.59	637.87	3.86	0.2		-0.82		0.64	
7.985	38.64	644.68							
7.995	38.7	640.14	4.3	0.14	4.99	-0.52	320	0.45	215.76
8.005	38.75	617.44	4.22	0.4	5.25	-0.31		0.18	
8.015	38.81	576.58	4.3	0.54	5.26	-0.29		0.66	
8.025	38.86	531.18							
8.035	38.92	488.05	3.87	0.58	5.27	-0.17	492	0.85	439.94
8.045	38.97	442.65	4.48	0.5	5.04	-0.34		0.95	
8.055	39.03	388.17	4.28	0.32	4.78	-0.39		3.21	
8.065	39.08	347.31	4.34	0.38	4.77	-0.51		1.24	
8.075	39.14	322.34	3.81	0.13	4.78	-0.63	123	1.57	658.27
8.085	39.19	308.72	3.77	0.27	4.71	-0.54		1.31	
8.095	39.25	301.91	3.77	0.28	4.44	-0.61		1.28	
8.1	39.28		3.69	0.12	4.56	-0.72			
8.105	39.3	295.1	3.47	0.22	4.18	-0.75		1.13	
8.115	39.36	290.56	3.68	0.31	4.27	-0.77	64	0.84	681.87
8.125	39.41	283.75	3.22	0.25	3.84	-1.11		1.04	
8.135	39.47	279.21	3.94	0.15	5.22	-0.42	97	1.32	823.87
8.145	39.52	272.4	3.77	0.32	4.47	-0.56		2.01	
8.155	39.58	270.13	4.12	0.36	4.96	-0.31	93	2.18	962.28
8.165	39.63	267.86	3.93	0.32	4.8	-0.52	51	2.1	981.69
8.175	39.69	270.13	4.04	0.28	4.77	-0.63	143	2.12	917.32
8.185	39.74	281.48	4.26	0.38	4.98	-0.41		1.51	
8.195	39.8	299.64	4.05	0.19	4.95	-0.42		1.01	
8.205	39.85	324.61						0.58	
8.215	39.91	363.2	4.32	0.59	5.16	-0.32	108	0.81	489.51
8.225	39.96	410.87	4.22	0.59	4.88	-0.4		0.72	
8.235	40.02	449.46	4.49	0.32	5.02	-0.37	31	1.11	496.83
8.245	40.07	483.51		0.33		-0.53		0.87	
8.255	40.13	526.64	4.37	0.61	5.35	-0.38	392	2.19	744.29
8.265	40.18	553.88						1.81	
8.27	40.2				5.18	-0.38			
8.275	40.23	544.8	4.29	0.48	5.19	-0.39	609	2.35	907.41
8.285	40.27	503.94						0.99	
8.295	40.32	440.38	4.22	0.3	5.1	-0.29	316	3.57	700.78
8.305	40.37	383.63	4.32	0.4	4.76	-0.45	345	2.65	1018.59
8.315	40.42	351.85	3.82	-0.03				1.9	
8.325	40.46	342.77	4.53	0.51		-0.35		1.89	
8.335	40.51	347.31						1.26	
8.345	40.56	351.85	4.16	0.43	4.83	-0.54	266	2.07	1208.2
8.355	40.58	358.66	3.88	0.3	4.28	-0.67		3.49	
8.365	40.61	360.93	4.14	0.22				4.83	
8.375	40.63	358.66	4.09	0.42	4.8	-0.29		4.69	
8.385	40.66	358.66	4.31	0.56				3.37	
8.395	40.68	360.93	4.47	0.62	5.05	-0.25		1.01	
8.405	40.71	367.74	4.37	0.51	5.08	-0.21	312	1.1	555.15
8.415	40.73	383.63	4.08	0.47	4.94	-0.41			
8.42	40.74		4.35	0.55					
8.425	40.76	408.6	4.32	0.68	4.87	-0.26		0.56	
8.435	40.78	449.46	4.22	0.46					
8.445	40.81	497.13	4.34	0.25	4.97	-0.32	418	0.2	138.69
8.455	40.83	547.07							
8.465	40.85	583.39	4.39	0.55	5.27	-0.42		0.31	
8.475	40.88	601.55	4.74	0.59	4.96	-0.54			
8.485	40.9	606.09	4.31	0.46	5.2	-0.62	413	0.62	191.8
8.495	40.93	599.28							
8.505	40.95	590.2	4.41	0.44	5.21	-0.4		0.24	
8.515	40.98	592.47							
8.525	41	601.55	4.2	0.42	4.74	-0.91			
8.535	41.03	610.63	4.31	0.38	4.79	-0.68		0.21	
8.545	41.05	615.17	4.02	0.43				0.22	
8.555	41.08	608.36	4.05	0.35	5.23	-0.42		0.1	
8.565	41.1	603.82			5.35	-0.5	383	0.2	144.28
8.575	41.14	597.01			5.3	-0.51		0.22	
8.585	41.18	597.01	4.38	0.24	5.39	-0.32		0.42	
8.595	41.22	592.47	4.12	0.21				0.63	
8.605	41.26	581.12	4.46	0.58	5.11	-0.59		1.12	
8.615	41.3	556.15	4.28	0.18	5.06	-0.55	509	1.28	412.77
8.625	41.34	519.83							
8.635	41.38	474.43	3.78	0.14	4.65	-0.38		2.42	
8.645	41.42	426.76	4.29	0.16			485	4.09	1464.76
8.655	41.46	385.9	4.04	0.38	4.84	-0.31	395	3.26	1064.62
8.665	41.5	360.93	4.73	0.6	4.92	-0.28		2.46	
8.675	41.57	349.58	4.24	0.45	4.89	-0.29			
8.685	41.64	354.12	4.18	0.42	4.73	-0.41		1.02	
8.695	41.71	374.55	4.37	0.45	5.21	-0.23	210	0.97	348.93
8.705	41.79	410.87	4.36	0.47				0.59	
8.715	41.86	454	4.24	0.44	4.85	-0.37			
8.725	41.93	492.59	4.22	0.46	4.93	-0.44	294	0.69	195.16
8.735	42	517.56							
8.745	42.07	533.45	4.42	0.39				0.89	
8.755	42.14	544.8	4.5	0.48	5.33	-0.51	564	1.27	256.24
8.765	42.21	569.77							
8.775	42.29	606.09	4.36	0.38				0.91	
8.785	42.36	640.14							
8.795	42.43	665.11	4.1	0.31				0.98	
8.805	42.5	683.27			5.03	-0.49	274	0.39	219.04
8.815	42.52	694.62							
8.825	42.53	696.89	4.26	0.25	4.86	-0.3		0.99	
8.835	42.55	685.54							
8.845	42.57	660.57	4.18	0.33				1.07	
8.855	42.58	631.06	4.24	0.47	5.06	-0.57			
8.865	42.6	599.28							
8.875	42.62	565.23	4.17	0.52	5.01	-0.48	201	1.54	371.95
8.885	42.63	526.64							
8.895	42.65	485.78	4.19	0.29				2.65	
8.905	42.67	449.46	4.06	0.33	4.81	-0.32	635	2.1	1074.98
8.915	42.68	417.68						3.16	
8.925	42.7	394.98	4.31	0.51	4.98	-0.31		1.22	
8.935	42.78	388.17						1.84	
8.945	42.85	399.52	4.44	0.54	4.8	-0.57	444	2.53	1602.76
8.955	42.93	431.3						1.98	
8.965	43	472.16	4.15	0.4	4.51	-0.42		1.59	
8.975	43.08	506.21	4.05	0.38	4.75	-0.39	239	2.41	947.08
8.985	43.16	526.64	4.45	0.59	4.83	-0.5		2.58	
8.995	43.23	522.1	4.07	0.56				1.85	
9.005	43.31		4.32	0.35	4.85	-0.35	117	1.16	659.59
9.025	43.46	528.91	4.35	0.45	4.84	-0.48		0.85	
9.035	43.53	553.88	4.2	0.45	4.78	-0.45	799	0.19	319.69
9.045	43.61	565.23	4.33	0.29				0.79	
9.055	43.69	558.42	4.09	0.43	4.85	-0.41			
9.065	43.76	542.53							
9.075	43.84	526.64	4.33	0.61	5.07	-0.37	349	0.41	192.95
9.085	43.91	515.29						0.53	
9.095	43.99	519.83	4.05	0.47				1.2	
9.105	44.07	537.99	4.03	0.51	4.93	-0.44		0.86	
9.115	44.14	576.58						0.71	
9.125	44.22	626.52	4.26	0.4	4.93	-0.44	203	0.17	239.37
9.135	44.29	660.57							
9.145	44.37	681	4.23	0.52				0.2	
9.155	44.45	699.16	4.31	0.59		-0.55			
9.165	44.52	710.51							
9.175	44.6	712.78	4.31	0.38	5.1	-0.4		0.25	
9.185	44.67	710.51							
9.195	44.75	705.97	4.16	0.46			348	0.07	174.09
9.205	44.82	699.16	4.17	0.48	4.89	-0.51			
9.215	44.9	694.62							
9.225	44.98	694.62	4.1	0.46	5.05	-0.5		0.18	
9.235	45.05	703.7						0.22	
9.245	45.13	719.59	3.91	0.35	5.04	-0.59		0.21	
9.255	45.2	740.02	4.37	0.47	5.16	-0.5	365	0.24	118.82
9.265	45.28	749.1			5.27	-0.41		0.07	
9.275	45.35	744.56						0.5	
9.285	45.42	730.94	4.21	0.48	5.04	-0.38		0.23	
9.295	45.49	712.78	3.9	0.2			116	0.11	97.14
9.305	45.56	687.81	4.12	0.27	5.44	-0.41		0.35	
9.315	45.63	653.76						0.14	
9.325	45.71	615.17	4.19	0.45	5.22	-0.52		1.3	
9.335	45.78	574.31	4.18	0.62	5.05	-0.55	408	1.59	497.16
9.345	45.85	535.72	3.82	-0.24				3.42	
9.355	45.92	492.59	3.93	0.45	4.41	-0.56	464	5.22	1079.82
9.365	45.99	460.81	4.12	-0.17	4.86	-0.78	570	4.23	1129.74
9.375	46.06	435.84	3.77	0.2			523	4.52	1237.4
9.385	46.13	422.22	4.02	0.2	4.05	-0.64		3.3	
9.395	46.2	426.76	4.28	0.33	4.9	-0.21	1797	3.01	1648.23
9.405	46.27	440.38	4.09	0.38	4.8	-0.31		1.19	
9.415	46.34	449.46						1.02	
9.425	46.41	463.08	4.38	0.5	4.8	-0.69	252	1.98	576.34
9.435	46.48	488.05	4.13	0.51	4.67	-0.85		0.53	
9.44	46.52		4.16	0.42					
9.445	46.56	526.64	3.75	0.08	4.53	-0.72		1.08	
9.455	46.63	562.96	4.21	0.36	4.7	-0.52	144	0.9	516.67
9.465	46.7	597.01						0.68	
9.475	46.77	637.87	4.33	0.4	5.03	-0.29	177	0.56	248.48
9.485	46.84	665.11							
9.495	46.91	665.11	4.11	0.17			170	1.5	259.51
9.505	46.95	644.68			5.05	-0.19		0.49	
9.515	46.99	617.44	3.84	0.26	5.1	-0.2		0.91	
9.525	47.02	585.66	4.19	0.41	4.89	-0.28		1.2	
9.535	47.06	562.96						1.31	
9.545	47.1	542.53	4.07	0.4			296	2.84	704.58
9.555	47.14	508.48	4.19	0.3	4.7	-0.19		2.86	
9.565	47.17	458.54	4.25	0.63	4.27	-0.44		3.52	
9.575	47.21	404.06	4.22	0.49	4.65	-0.28		2.08	
9.585	47.25	372.28	4.16	0.53	4.36	-0.29		1.27	
9.595	47.4	370.01	4.02	0.36			166	3.34	1862.09
9.605	47.54	392.71	4.2	0.51	4.35	-0.46		2.21	
9.615	47.69	433.57						2.87	
9.625	47.83	478.97		0.35			310	3.45	1239.66
9.635	47.98	522.1	4.3	0.48	4.63	-0.19		1.1	
9.645	48.12	553.88	4.02	0.07			462	1.15	524.92
9.655	48.27	569.77	4.11	0.29	4.68	-0.43		0.99	
9.665	48.41	574.31	3.98	0.34	4.57	-0.43		0.95	
9.675	48.56	569.77						1.28	
9.685	48.7	560.69			4.72	-0.22		1.02	
9.695	48.85	549.34	3.95	0.23			845	1.25	935.43
9.705	48.99	535.72	4.11	0.45	4.55	-0.42		0.61	
9.715	49.14	522.1						0.41	
9.725	49.28	510.75	3.98	0.14	4.74	-0.35	745	0.53	452.27
9.735	49.43	501.67						0.57	
9.745	49.58	476.7	3.97	0.18				0.68	
9.755	49.72	467.62	3.96	0.19	4.67	-0.32		0.55	
9.765	49.87	444.92						1.25	
9.775	50.01	424.49	3.94	0.35	4.92	-0.24		3.09	
9.785	50.16	415.41						2.04	
9.795	50.3	429.03	3.82	-0.09			607	3.29	1027.71
9.805	50.45	456.27	3.86	0.22	4.68	-0.38		2.83	
9.815	50.59	490.32						3.43	
9.825	50.74	526.64	4.01	0.17	4.83	-0.28		1.37	
9.835	50.88	576.58	3.61	-0.13					
9.845	51.03	633.33	3.7	-0.2				0.81	
9.855	51.17	676.46	3.84	0.15	4.84	-0.39	516	0.99	293.03
9.865	51.32	699.16	3.58	0.11	4.75	-0.49			
9.875	51.46	705.97	4	0.31	5.12	-0.46		1.1	
9.885	51.61	710.51	3.75	-0.02	4.68	-0.53			
9.895	51.72	712.78	3.65	-0.18				1.64	
9.905	51.83	712.78	3.88	0.17	4.68	-0.45	360	1.05	350.67
9.915	51.94	708.24	3.84	0.08	4.67	-0.7			
9.925	52.05	705.97	4	0.08	4.86	-0.61		1.12	
9.935	52.17	696.89	3.68	-0.17	4.75	-0.62			
9.945	52.28	676.46	4.02	0.02			907	1.97	804.29
9.955	52.39	649.22	3.61	0.16	4.71	-0.56		2.79	
9.965	52.5	633.33	3.61	0.01	4.85	-0.58	849	3.53	1363.87
9.975	52.61	637.87	3.94	0.17	4.94	-0.5		3.64	
9.985	52.72	662.84	3.66	0.21	4.34	-0.61		4.04	
9.995	52.83	717.32	3.64	-0.06				4.55	
10.005	52.94	812.66	3.73	0.12	5.02	-0.58	504	4.07	1923.77
10.015	53.06	905.73	3.54	0.18	5.06	-0.46		1.58	
10.025	53.17	962.48	3.56	0.19	4.91	-0.32		0.98	
10.035	53.28	989.72	3.65	0.15	4.9	-0.43	221	0.69	565.02
10.045	53.39	996.53	3.85	0.27	5.25	-0.44		0.38	
10.055	53.5	982.91	3.63	-0.22			164	0.65	244.62
10.065	53.57	939.78						0.46	
10.075	53.64	853.52	4.04	0.15	5.18	-0.81	638	1.17	440.02
10.085	53.71	735.48							
10.095	53.79	617.44	3.99	0.11	4.81	-0.66	995	2.91	998.12
10.105	53.86	540.26	4.46		3.66	-0.28	590	5.52	1670.29
10.115	53.93	510.75	4.09	0.06	4.57	-0.64		3	
10.125	54	515.29	4.32	0.05	4.53	-0.38	1250	4.81	1068.06
10.135	54.2	549.34	4.05	-0.08	4.47	-0.78	1284	1.6	547.87
10.145	54.41	608.36	4.25	0.13	4.8	-0.75			
10.155	54.61	671.92	3.84	-0.2	4.23	-0.86	89	2.07	424.03
10.165	54.81	751.37	3.98	0.04	4.75	-0.62	141	1.9	501.01
10.175	55.02	846.71	4.03	-0.14	4.75	-0.45		0.85	
10.185	55.22	932.97	4.17	0.07	4.85	-0.76	482	0.37	181.58
10.195	55.43	989.72	4.32	0.08	4.89	-0.64			
10.205	55.63	1010.15	3.9	-0.1	4.79	-0.64	355	0.41	102.69
10.215	55.83	1014.69							
10.225	56.04	1014.69	4.06	-0.02	4.84	-0.51		0.43	
10.235	56.24	1005.61	3.79	-0.16	4.93	-0.52	436	0.77	115.54
10.245	56.31	982.91							
10.255	56.37	960.21			4.97	-0.6	278	1.55	159.69
10.265	56.44	935.24							
10.275	56.5	901.19	4.25	0.07	4.9	-0.58	638	1.14	234.26
10.285	56.57	858.06							
10.295	56.63	824.01						2.39	
10.305	56.7	808.12	4.26	0.18	4.99	-0.57	304	5.38	661.48
10.315	56.76	812.66						1.67	
10.325	56.83	810.39	3.97	0.01	5.07	-0.54	307	1.23	289.85
10.335	56.89	787.69	4.13	0.07	4.82	-0.48			
10.345	56.96	760.45	3.85	-0.06	4.86	-0.65		3.07	
10.355	57.02	778.61			4.52	-0.95	494	3.11	1013
10.365	57.09	844.44	3.8	0.15	4.77	-0.73		3.63	
10.375	57.15	937.51	3.94	-0.1	4.93	-0.68	53	3.35	956.57
10.385	57.22	1057.82	3.67	-0.05				2.97	
10.395	57.28	1182.67							
10.405	57.35	1266.66	3.98	0.07	4.88	-0.86	232	1.31	335.73
10.415	57.41	1284.82	3.72	-0.06	4.93	-0.66			
10.425	57.48	1273.47	3.69	0		-0.87		0.94	
10.435	57.54	1284.82							
10.445	57.59	1262.12							
10.455	57.64	1166.78			5.34	-0.57	626	2.3	522.2
10.465	57.69	1037.39	3.88	-0.15	5.03	-0.73		2.63	
10.475	57.74	894.38							
10.485	57.79	742.29	3.81	-0.07	4.9	-1.01		4.45	
10.495	57.84	669.65							
10.505	57.89	597.01	3.49	-0.39	4.57	-1.21		3.26	
10.515	57.94	524.37							
10.525	57.99	451.73	3.42	-0.27	5.02	-0.79		3.18	
10.535	58.04	465.35							
10.545	58.09	372.28	3.57	-0.29	4.78	-0.88	8	3.16	1402.78
10.555	58.14	272.4							
10.565	58.19	220.19	3.73	-0.24			0	3.75	1928.81
10.575	58.24	192.95							
10.585	58.3	174.79					0	6.46	1840.42
10.595	58.35	163.44							
10.605	58.4	161.17		0.28		-0.31	135	9.55	2201.42
10.615	58.45	161.17	3.29	-0.02					
10.625	58.5	163.44	3.48	0.11	4.62	-0.27	2	9.95	2333.01
10.635	58.55	170.25	3.62	0.3					
10.645	58.6	174.79	3.59	0.22			1	9.26	2569.11
10.655	58.65	181.6	3.68	0.26					
10.665	58.7	192.95	3.68	0.45	3.9	-0.39	1	9.83	2174.85
10.675	58.75	220.19	3.13	-0.12					
10.685	58.8	286.02	3.09	-0.36				3.74	
10.695	58.85	404.06	3.26	-0.1	3.19	-1.29			
10.705	58.9	535.72	3.48	0.1	2.92	-1.59	275	3.2	711.51
10.715	58.95	603.82	3.17	-0.17	3.6	-1.03			
10.725	59	612.9	4.15	0.1	4.43	-0.83		4.62	
10.735	59.26	599.28	3.99	-0.09	4.08	-0.9			
10.745	59.53	583.39	4.21	-0.01	4.83	-0.39		5.79	
10.755	59.79	576.58	4.03	0.19	4.62	-0.34			
10.765	60.06	583.39	4.22	0.07	4.6	-0.59		3.96	
10.775	60.32	599.28	4.15	0.09	4.87	-0.61			
10.785	60.59	606.09	4.05	0.15				3.48	
10.795	60.85	610.63	3.92	0.03					
10.805	61.12	612.9	4.46	-0.05			12	4.29	733.49
10.815	61.38	624.25	4.06	0.02					
10.825	61.64	667.38	4.6	0.16	4.77	-0.61		5.89	
10.835	61.91	733.21	4.25	-0.07	4.88	-0.73			
10.845	62.17	778.61	4.32	0	4.95	-0.71		10.56	
10.855	62.44	785.42	4.18	-0.07	4.81	-0.51			
10.865	62.7	774.07	4.35	0.05	5.04	-0.62		8.86	
10.875	62.97	749.1	4.14	-0.05	5.01	-0.26			
10.885	63.23	724.13	4.43	0.19	4.9	-0.52		7.22	
10.895	63.49	708.24	4.23	-0.03	4.92	-0.29			
10.905	63.76	681	4.48	0.16	5.05	-0.24	2168	4.52	1012.6
10.915	64.02	701.43	3.94	-0.01	4.73	-0.51			
10.925	64.29	733.21	4.45	0.28	5.09	-0.38		5.66	
10.935	64.55	758.18	4.28	0.11	4.92	-0.37			
10.945	64.82	721.86	4.5	-0.15	4.99	-0.46		5.3	
10.955	65.08	646.95	4.06	0.05	4.85	-0.5			
10.965	65.35	603.82	4.44	0.49	4.81	-0.32		5.72	
10.975	65.61	599.28	4.39	0.44	5.22	-0.32			
10.985	65.87	615.17	4.38	0.3	5.3	-0.23		3.9	
10.995	66.14	635.6	4.29	0.4	5	-0.23			
11.005	66.4	665.11	4.48	0.29	5.37	-0.32	2700	3.13	1106.69
11.015	66.67	703.7						3.53	
11.025	66.93	755.91	4.46	0.66	5.07	-0.29	1041	4.65	1321.18
