/* DESCRIPTION:
Reference:	Oppo, D.W., B.K. Linsley, Y. Rosenthal, S. Dannenmann, and L. Beaufort. 2003. Orbital and suborbital climate variability in the Sulu Sea, western tropical Pacific. Geochemistry, Geophysics, Geosystems, 4(1), 1-20. doi: 10.1029/2001GC000260.
Data from:	https://www.ncei.noaa.gov/access/paleo-search/study/5870.
Comment:	Data was not modified in any way.
*/
Age [ka BP]	G. ruber d18O [‰ PDB]
4.29	-2.531
4.34	-2.462
4.39	-2.579
4.43	-2.6285
4.48	-2.624
4.53	-2.581
4.58	-2.483
4.63	-2.509
4.67	-2.677
4.72	-2.546
4.77	-2.484
4.82	-2.49
4.86	-2.467
4.91	-2.736
4.96	-2.789
4.99	-2.668
5.02	-2.479
5.06	-2.529
5.09	-2.628
5.12	-2.632
5.15	-2.58
5.19	-2.74
5.22	-2.591
5.25	-2.529
5.28	-2.471
5.32	-2.524
5.35	-2.59
5.38	-2.559
5.41	-2.462
5.45	-2.411
5.48	-2.627
5.51	-2.552
5.54	-2.675
5.58	-2.5745
5.61	-2.59
5.64	-2.568
5.67	-2.479
5.71	-2.582
5.74	-2.669
5.77	-2.466
5.8	-2.686
5.84	-2.738
5.87	-2.592
5.9	-2.545
5.93	-2.751
5.97	-2.61
6	-2.666
6.03	-2.653
6.06	-2.528
6.1	-2.613
6.13	-2.638
6.16	-2.4805
6.19	-2.629
6.23	-2.605
6.26	-2.525
6.29	-2.644
6.32	-2.587
6.36	-2.702
6.39	-2.635
6.42	-2.604
6.48	-2.621
6.54	-2.694
6.6	-2.577
6.66	-2.643
6.72	-2.611
6.78	-2.535
6.85	-2.655
6.91	-2.773
6.97	-2.64
7.03	-2.651
7.09	-2.612
7.15	-2.711
7.21	-2.5755
7.27	-2.469
7.33	-2.448
7.39	-2.534
7.44	-2.577
7.5	-2.511
7.56	-2.483
7.62	-2.549
7.68	-2.497
7.73	-2.6185
7.79	-2.458
7.85	-2.37
7.91	-2.52
7.97	-2.577
8.03	-2.314
8.08	-2.539
8.14	-2.423
8.2	-2.503
8.26	-2.357
8.32	-2.4905
8.37	-2.414
8.43	-2.338
8.49	-2.249
8.55	-2.505
8.61	-2.568
8.66	-2.603
8.72	-2.384
8.78	-2.13833
8.84	-2.561
8.9	-2.344
8.95	-2.574
9.01	-2.51
9.07	-2.391
9.13	-2.6055
9.19	-2.516
9.24	-2.405
9.3	-2.562
9.36	-2.435
9.42	-2.5275
9.48	-2.506
9.54	-2.367
9.59	-2.6415
9.65	-2.565
9.71	-2.516
9.77	-2.553
9.83	-2.665
9.88	-2.525
9.94	-2.581
10	-2.3625
10.04	-2.641
10.07	-2.648
10.11	-2.574
10.14	-2.566
10.18	-2.562
10.21	-2.35
10.25	-2.469
10.28	-2.482
10.32	-2.463
10.35	-2.516
10.39	-2.499
10.42	-2.568
10.46	-2.609
10.49	-2.519
10.53	-2.595
10.56	-2.469
10.6	-2.397
10.63	-2.394
10.67	-2.3305
10.7	-2.594
10.74	-2.395
10.77	-2.318
10.81	-2.393
10.84	-2.171
10.88	-2.298
10.91	-2.408
10.95	-2.386
10.98	-2.486
11.02	-2.46
11.05	-2.432
11.06	-2.474
11.08	-2.226
11.09	-2.431
11.1	-2.129
11.11	-2.2095
11.13	-2.035
11.14	-1.891
11.15	-2.306
11.19	-2.063
11.24	-1.928
11.28	-1.804
11.33	-1.664
11.37	-1.841
11.42	-2.038
11.46	-2.06
11.51	-1.852
11.55	-1.957
11.59	-2.011
11.64	-1.918
11.68	-1.928
11.73	-1.94
11.77	-1.943
11.82	-1.883
11.86	-1.892
11.91	-1.918
11.95	-1.903
11.99	-1.868
12.04	-1.702
12.08	-1.902
12.13	-1.962
12.17	-1.809
12.22	-2.0735
12.26	-1.948
12.3	-1.924
12.35	-1.896
12.39	-1.775
12.44	-1.919
12.48	-2.065
12.53	-2.064
12.57	-1.899
12.62	-2.1235
12.66	-1.934
12.7	-1.842
12.75	-2.0385
12.79	-1.875
12.84	-1.912
12.88	-2.048
12.93	-2.137
12.97	-1.983
13.02	-2.157
13.06	-2.103
13.1	-2.028
13.15	-2.084
13.19	-2.028
13.24	-2.118
13.31	-2.158
13.41	-2.045
13.52	-2.048
13.62	-1.869
13.72	-2.117
13.83	-1.877
13.93	-1.715
13.99	-1.818
14.05	-1.766
14.11	-1.961
14.17	-1.91
14.23	-1.923
14.29	-1.8235
14.35	-1.842
14.41	-1.683
14.47	-1.829
14.53	-1.842
14.59	-1.576
14.65	-1.507
14.71	-1.438
14.77	-1.595
14.85	-1.276
14.94	-1.4565
15.03	-1.568
15.12	-1.394
15.22	-1.544
15.31	-1.746
15.4	-1.61
15.49	-1.651
15.59	-1.377
15.68	-1.381
15.77	-1.47
15.86	-1.378
15.96	-1.372
16.05	-1.36
16.14	-1.334
16.23	-1.262
16.33	-1.225
16.42	-1.1705
16.45	-1.32
16.48	-1.313
16.51	-1.364
16.54	-1.512
16.58	-1.581
16.61	-1.413
16.64	-1.42
16.67	-1.427
16.73	-1.47
16.76	-1.565
16.79	-1.59
16.83	-1.581
16.86	-1.447
16.89	-1.365
16.92	-1.484
16.95	-1.319
16.98	-1.52
17.01	-1.4
17.04	-1.493
17.08	-1.343
17.11	-1.488
17.14	-1.401
17.17	-1.347
17.2	-1.264
17.23	-1.458
17.26	-1.363
17.29	-1.376
17.32	-1.406
17.35	-1.48
17.38	-1.507
17.41	-1.445
17.44	-1.428
17.47	-1.357
17.5	-1.51
17.53	-1.473
17.56	-1.409
17.59	-1.542
17.63	-1.3625
17.67	-1.631
17.7	-1.406
17.74	-1.323
17.78	-1.501
17.82	-1.425
17.86	-1.551
17.89	-1.449
17.93	-1.404
17.97	-1.599
18.01	-1.508
18.04	-1.551
18.08	-1.54
18.12	-1.573
18.16	-1.5165
18.2	-1.382
18.23	-1.563
18.27	-1.577
18.31	-1.642
18.35	-1.404
18.39	-1.542
18.42	-1.669
18.46	-1.511
18.5	-1.627
18.54	-1.437
18.58	-1.4
18.61	-1.594
18.65	-1.431
18.69	-1.736
18.73	-1.6285
18.76	-1.573
18.8	-1.478
18.84	-1.551
18.88	-1.44
18.92	-1.775
18.95	-1.47
18.99	-1.633
19.03	-1.756
19.07	-1.406
19.11	-1.529
19.14	-1.348
19.18	-1.834
19.22	-1.472
19.26	-1.451
19.3	-1.802
19.33	-1.585
19.37	-1.528
19.41	-1.716
19.45	-1.51
19.48	-1.652
19.52	-1.567
19.56	-1.737
19.6	-1.798
19.64	-1.581
19.67	-1.762
19.71	-1.4665
19.75	-1.52
19.77	-1.535
19.8	-1.516
19.82	-1.546
19.84	-1.505
19.87	-1.38
19.89	-1.531
19.91	-1.554
19.94	-1.603
19.96	-1.659
19.98	-1.545
20.01	-1.64
20.03	-1.523
20.05	-1.545
20.08	-1.482
20.1	-1.61
20.13	-1.61967
20.15	-1.51933
20.17	-1.63367
20.2	-1.585
20.22	-1.452
20.24	-1.534
20.27	-1.551
20.29	-1.7375
20.31	-1.68
20.34	-1.707
20.36	-1.734
20.38	-1.574
20.41	-1.518
20.43	-1.507
20.47	-1.619
20.56	-1.7195
20.61	-1.5095
20.65	-1.639
20.7	-1.602
20.74	-1.396
20.79	-1.387
20.83	-1.719
20.87	-1.568
20.92	-1.458
20.96	-1.672
21.01	-1.485
21.05	-1.699
21.1	-1.617
21.14	-1.557
21.18	-1.562
21.23	-1.643
21.27	-1.632
21.32	-1.578
21.36	-1.513
21.41	-1.677
21.45	-1.765
21.5	-1.725
21.54	-1.931
21.58	-1.73
21.63	-1.58
21.67	-1.74
21.72	-1.542
21.76	-1.57
21.81	-1.672
21.85	-1.643
32.16	-1.881
32.23	-2.036
32.29	-1.699
32.36	-1.875
32.42	-1.8845
32.49	-1.92
32.55	-2.016
32.62	-2.045
32.68	-1.906
32.75	-1.935
32.81	-2.162
32.88	-1.884
32.94	-2.215
33.01	-2.019
33.07	-2.134
33.14	-2.116
33.2	-2.174
33.27	-2.084
33.33	-1.86
33.4	-1.988
33.46	-2.2185
33.53	-2.228
33.59	-2.025
33.66	-2.329
33.72	-2.066
33.79	-2.081
33.85	-1.781
33.92	-2.037
33.98	-2.057
34.05	-1.944
34.11	-2.186
34.18	-2.02
34.24	-2.043
34.31	-1.975
34.37	-2
34.44	-1.855
34.5	-1.857
34.57	-2.024
34.63	-2.169
34.7	-1.862
34.76	-1.847
34.83	-1.925
34.89	-1.922
34.96	-2.128
35.02	-2.026
35.09	-1.922
35.15	-2.019
35.26	-2.083
35.37	-2.22
35.48	-1.884
35.59	-2.011
35.7	-2.144
35.81	-2.04
35.92	-2.021
36.03	-1.942
36.14	-2.209
36.25	-2.033
36.36	-1.896
36.47	-2.069
36.58	-1.814
36.69	-1.78
36.8	-2.041
36.91	-1.889
37.02	-2.076
37.13	-2.072
37.24	-2.203
37.3	-2.292
37.31	-2.181
37.33	-1.916
37.35	-1.884
37.36	-1.9995
37.38	-2.207
37.4	-2.009
37.41	-1.881
37.43	-2.083
37.45	-1.912
37.46	-1.9535
37.48	-1.802
37.5	-1.883
37.51	-1.959
37.53	-1.711
37.55	-1.709
37.56	-1.798
37.58	-1.812
37.6	-1.842
37.61	-1.48
37.63	-1.635
37.65	-1.735
37.66	-1.481
37.68	-1.809
37.69	-1.51
37.71	-1.515
37.73	-1.735
37.74	-1.538
37.76	-1.636
37.78	-1.5455
37.79	-1.738
37.81	-1.452
37.83	-1.4945
37.84	-1.632
37.86	-1.705
37.88	-1.471
37.89	-1.467
37.98	-1.486
38.07	-1.615
38.16	-1.678
38.25	-1.912
38.34	-1.638
38.43	-1.765
38.52	-1.822
38.61	-1.808
38.7	-1.9855
38.79	-2.146
38.85	-1.908
38.9	-1.887
38.96	-2.017
39.02	-1.842
39.08	-2.062
39.13	-1.978
39.19	-2.086
39.25	-1.826
39.3	-1.96
39.36	-1.896
39.42	-1.922
39.47	-1.897
39.53	-1.863
39.59	-1.864
39.65	-1.924
39.7	-1.9805
39.76	-2.197
39.82	-1.9
39.87	-1.898
39.93	-1.983
39.99	-1.755
40.05	-1.945
40.1	-1.979
40.16	-1.957
40.22	-2.1
40.27	-2.15
40.33	-1.986
40.39	-1.878
40.45	-1.986
40.5	-1.814
40.56	-1.939
40.62	-1.924
40.67	-1.9
40.73	-2.085
40.79	-2.033
40.84	-1.899
40.9	-1.871
40.96	-2.029
41.02	-1.899
41.07	-1.818
41.13	-1.715
41.19	-1.883
41.24	-2.038
41.3	-2.034
41.36	-1.6745
41.42	-2.2585
41.47	-1.947
41.53	-2.075
41.59	-2.146
41.65	-2.024
41.7	-2.001
41.76	-2.028
41.82	-2.229
41.88	-1.916
41.93	-1.8945
41.99	-2.035
42.05	-1.94
42.11	-2.06
42.16	-2.077
42.22	-2.166
42.28	-2.301
42.34	-2.0605
42.39	-2.079
42.45	-1.855
42.51	-2.055
42.57	-1.98
42.62	-1.99
42.68	-1.793
42.74	-1.932
42.8	-1.903
42.85	-2.0245
42.91	-1.995
42.97	-1.886
43.03	-1.791
43.08	-1.727
43.14	-1.757
43.2	-1.8115
43.26	-1.9905
43.31	-1.801
43.37	-1.938
43.43	-1.888
43.49	-2.025
43.54	-1.94
43.6	-1.99
43.66	-1.864
43.72	-1.947
43.77	-1.933
43.83	-1.937
43.89	-1.995
43.95	-1.945
44	-1.963
44.06	-1.924
44.12	-2.2575
44.18	-2.029
44.23	-2.0615
44.29	-2.054
44.35	-2.137
44.41	-2.148
44.46	-1.927
44.52	-2.166
44.58	-1.973
44.64	-2.186
44.69	-2.355
44.75	-2.336
44.81	-2.167
44.87	-1.97
44.92	-2.135
44.98	-2.21
45.04	-2.272
45.1	-2.278
45.15	-2.041
45.21	-2.284
45.27	-2.31
45.33	-2.286
45.38	-2.092
45.44	-2.193
45.5	-2.303
45.56	-2.03
45.61	-2.166
45.67	-2.2505
45.73	-2.273
45.79	-2.346
45.84	-2.241
45.9	-2.1
45.96	-2.069
46.01	-1.963
46.07	-2.10733
46.13	-1.913
46.19	-1.934
46.24	-1.7775
46.3	-2.276
46.36	-1.957
46.42	-1.997
46.47	-1.821
46.53	-2.06
46.59	-2.107
46.65	-2.077
46.7	-1.757
46.76	-1.866
46.82	-1.865
46.88	-1.845
46.93	-1.919
46.99	-2.018
47.05	-1.849
47.11	-2.023
47.16	-1.677
47.22	-1.838
47.28	-2.048
47.34	-2.012
47.39	-1.896
47.45	-1.99533
47.51	-1.997
47.57	-1.783
47.62	-1.726
47.68	-1.94
47.74	-1.992
47.8	-2.146
47.85	-2.062
47.91	-2.118
47.97	-2.1885
48.03	-1.958
48.08	-1.963
48.14	-2.005
48.2	-1.933
48.26	-2.158
48.31	-2.016
48.37	-1.984
48.43	-1.862
48.49	-2.077
48.54	-2.291
48.6	-1.899
48.66	-2.153
48.72	-1.969
48.77	-2.329
48.83	-2.177
48.89	-2.143
48.95	-2.097
49	-2.172
49.06	-2.237
49.12	-2.284
49.18	-2.223
49.23	-2.268
49.29	-2.275
49.35	-2.2885
49.41	-2.036
49.46	-2.029
49.52	-2.152
49.58	-2.041
49.64	-2.334
49.69	-2.057
49.75	-2.462
49.81	-2.476
49.87	-2.25
49.92	-2.241
49.98	-2.394
50.04	-2.11
50.1	-2.153
50.15	-2.205
50.21	-2.238
50.27	-2.412
50.33	-2.274
50.38	-2.143
50.44	-2.217
50.5	-2.067
50.56	-2.209
50.61	-2.172
50.67	-2.429
50.73	-2.223
50.79	-2.3065
50.84	-2.4
50.9	-2.059
50.96	-2.279
51.01	-2.44
51.07	-2.304
51.13	-2.348
51.19	-2.311
51.24	-2.234
51.3	-2.251
51.36	-2.405
51.42	-1.948
51.47	-2.114
51.53	-2.009
51.59	-2.092
51.65	-2.088
51.7	-2.217
51.76	-2.118
51.82	-2.081
51.88	-2.213
51.93	-2.303
51.99	-2.185
52.05	-1.87
52.11	-2.269
52.16	-2.352
52.22	-2.0915
52.28	-2.196
52.34	-2.05
52.39	-1.893
52.45	-2.316
52.51	-2.347
52.57	-2.372
52.62	-1.907
52.68	-1.912
52.74	-2.217
52.8	-2.332
52.85	-1.947
52.91	-1.884
52.97	-1.843
53.03	-1.968
53.08	-1.795
53.14	-1.7945
53.2	-1.638
53.26	-1.533
53.31	-2.147
53.37	-1.999
53.43	-1.666
53.49	-1.978
53.54	-1.981
53.6	-1.807
53.66	-1.79633
53.72	-1.659
53.77	-1.689
53.83	-1.797
53.89	-1.653
53.95	-1.846
54	-1.98
54.06	-1.71
54.12	-1.769
54.18	-1.8605
54.23	-1.721
54.29	-1.897
54.35	-1.757
54.41	-1.8145
54.46	-1.8765
54.52	-1.741
54.58	-2.229
54.64	-2.131
54.69	-2.185
54.75	-2.5405
54.81	-2.402
54.87	-2.389
54.92	-2.182
54.98	-2.437
55.04	-2.4
55.1	-2.55
55.15	-2.472
55.21	-2.201
55.27	-2.402
55.33	-2.298
55.38	-2.242
55.44	-2.455
55.5	-2.551
55.56	-2.273
55.61	-2.337
55.67	-2.295
55.73	-2.082
55.78	-1.941
55.84	-2.432
55.9	-2.2505
55.96	-2.167
56.01	-2.392
56.07	-2.159
56.13	-2.1405
56.19	-2.202
56.24	-1.973
56.3	-1.959
56.36	-1.98
56.42	-2.257
56.47	-1.982
56.53	-2.179
56.59	-2.179
56.65	-2.112
56.7	-2.031
56.76	-2.044
56.82	-1.9125
56.88	-2.008
56.93	-2.032
56.99	-1.868
57.05	-1.955
57.11	-2.055
57.16	-2.151
57.22	-2.179
57.28	-2.042
57.34	-2.08
57.39	-2.143
57.45	-2.16
57.51	-1.991
57.57	-2.244
57.62	-2.456
57.68	-2.409
57.74	-2.221
57.8	-2.215
57.85	-2.028
57.91	-2.195
57.97	-2.381
58.03	-2.306
58.08	-2.227
58.14	-2.468
58.2	-2.209
58.26	-2.2765
58.31	-2.205
58.37	-2.315
58.43	-2.402
58.49	-2.165
58.54	-2.099
58.6	-2.223
58.66	-2.253
58.72	-2.367
58.77	-2.3125
58.83	-2.054
58.89	-2.249
58.95	-2.201
59	-2.028
59.06	-2.129
59.12	-2.104
59.18	-1.816
59.23	-1.922
59.29	-2.291
59.35	-2.113
59.41	-2.011
59.46	-2.268
59.52	-2.347
59.58	-2.439
59.64	-2.184
59.69	-2.061
59.75	-2.225
59.81	-2.053
59.87	-2.037
59.92	-2.18
60.15	-1.94
60.38	-1.818
60.44	-1.909
60.58	-1.882
60.73	-1.9855
60.87	-1.885
61.01	-1.536
61.15	-1.627
61.3	-1.54
61.44	-1.495
61.58	-1.644
61.72	-1.686
61.87	-1.495
62.01	-1.593
62.15	-1.429
62.29	-1.558
62.44	-1.79
62.58	-1.758
62.72	-1.9255
62.86	-1.6505
63.01	-1.85
63.15	-1.7715
63.29	-1.825
63.43	-1.659
63.58	-1.672
63.72	-1.683
63.86	-1.754
64	-1.621
64.15	-1.834
64.29	-1.535
64.43	-1.588
64.57	-1.692
64.72	-1.604
64.86	-1.864
65	-1.675
65.2	-1.7375
65.4	-1.712
65.6	-1.698
65.8	-1.52
66	-1.81
66.2	-1.659
66.4	-1.8175
66.6	-1.863
66.8	-1.904
67	-1.777
67.2	-1.784
67.4	-1.6
67.6	-1.76
67.8	-1.816
68	-1.782
68.2	-1.788
68.4	-1.987
68.6	-1.805
68.8	-1.7885
69	-1.708
69.2	-1.612
69.4	-1.762
69.6	-1.571
69.8	-1.599
70	-1.831
70.2	-1.83
70.4	-1.769
70.6	-1.757
70.8	-1.56
71	-1.654
71.2	-1.469
71.4	-1.701
71.6	-2.053
71.8	-1.776
72	-1.977
72.2	-1.864
72.4	-1.851
72.6	-1.83
72.8	-1.669
73	-1.942
73.2	-1.741
73.4	-1.71
73.6	-1.815
73.8	-1.888
74	-1.914
74.2	-2.194
74.4	-1.93
74.6	-1.807
74.8	-2.147
75	-1.999
75.2	-2.142
75.4	-2.273
75.6	-2.153
75.8	-2.206
76	-2.192
76.2	-1.899
76.4	-1.92
76.6	-2.2195
76.8	-2.022
77	-2.111
77.2	-2.052
77.4	-2.7145
77.6	-2.545
77.8	-2.338
78	-2.443
78.1	-1.9885
78.21	-1.99
78.31	-1.975
78.42	-2.329
78.52	-2.165
78.62	-2.338
78.73	-2.4
78.83	-2.087
78.94	-2.524
79.04	-2.3735
79.14	-2.254
79.25	-2.231
79.35	-2.234
79.46	-2.268
79.56	-2.279
79.66	-2.203
79.77	-2.107
79.87	-2.24
79.98	-2.15
80.08	-2.171
80.18	-2.112
80.29	-2.293
80.39	-2.01
80.5	-2.415
80.6	-2.169
80.7	-2.377
80.81	-2.302
80.91	-2.235
81.01	-2.326
81.12	-2.425
81.22	-2.217
81.33	-2.123
81.43	-2.041
81.53	-2.102
81.64	-2.1175
81.74	-2.198
81.85	-2.019
81.95	-1.97
82.05	-2.118
82.16	-1.838
82.26	-2.249
82.37	-2.149
82.47	-2.318
82.57	-1.952
82.68	-2.009
82.78	-2.113
82.89	-2.25
82.99	-1.939
83.09	-2.116
83.2	-1.819
83.3	-1.948
83.41	-1.792
83.51	-1.862
83.61	-2.084
83.72	-2.193
83.82	-2.128
83.93	-2.031
84.03	-1.954
84.13	-2.0185
84.24	-2.219
84.34	-2.132
84.45	-2.073
84.55	-2.037
84.65	-2.043
84.76	-2.058
84.86	-1.893
84.97	-2.078
85.07	-1.9365
85.17	-1.968
85.28	-1.927
85.38	-2.233
85.49	-2.041
85.59	-1.882
85.69	-1.9995
85.8	-2.064
85.9	-1.953
86	-1.937
86.11	-2.027
86.21	-1.959
86.32	-1.808
86.42	-2.155
86.52	-1.878
86.63	-2.128
86.73	-1.782
86.84	-1.996
86.94	-1.943
87.04	-1.913
87.15	-2.015
87.25	-1.952
87.36	-1.913
87.46	-1.97
87.56	-2.127
87.67	-2.094
87.77	-2.064
87.88	-2.168
87.98	-1.891
88.08	-2.134
88.19	-1.9495
88.29	-2.025
88.4	-1.98
88.5	-2.321
88.6	-2.05485
88.71	-2.13
88.81	-2.149
88.92	-1.867
89.02	-1.834
89.12	-1.953
89.23	-2.065
89.33	-2.112
89.44	-2.256
89.54	-2.098
89.64	-2.119
89.75	-1.895
89.85	-2.022
89.96	-1.8715
90.06	-1.975
90.16	-2.081
90.27	-2.36
90.37	-1.811
90.48	-2.172
90.58	-2.442
90.68	-2.336
90.79	-2.256
90.89	-1.969
91	-2.219
91.1	-2.321
91.2	-2.038
91.31	-2.134
91.41	-1.914
91.51	-2.046
91.62	-1.925
91.72	-2.15
91.83	-2.14
91.93	-2.125
92.03	-1.734
92.14	-1.827
92.24	-1.945
92.35	-1.918
92.45	-2.178
92.55	-2.001
92.66	-1.876
92.76	-2.314
92.87	-2.06
92.97	-2.131
93.07	-2.404
93.18	-2.441
93.28	-2.134
93.39	-2.031
93.49	-2.065
93.59	-2.512
93.7	-2.239
93.8	-2.648
93.91	-2.443
94.01	-2.317
94.11	-2.2695
94.22	-2.262
94.32	-2.178
94.43	-1.991
94.53	-2.027
94.63	-1.908
94.74	-2.032
94.84	-1.6185
94.95	-1.68
95.05	-1.672
95.15	-1.637
95.26	-1.415
95.36	-1.98
95.47	-1.346
95.57	-1.195
95.67	-1.702
95.78	-1.917
95.88	-2.1885
95.99	-2.13
96.09	-2.178
96.19	-2.313
96.3	-2.245
96.4	-1.854
96.5	-2.099
96.61	-2.188
96.71	-2.318
96.82	-1.9175
96.92	-2.27
97.02	-2.38
97.13	-2.259
97.23	-2.004
97.34	-2.1035
97.44	-2.188
97.54	-2.245
97.65	-1.785
97.75	-1.893
97.86	-1.895
97.96	-2.041
98.06	-1.884
98.17	-2.178
98.27	-2.24
98.38	-2.006
98.48	-2.059
98.58	-2.242
98.69	-2.198
98.79	-2.31
98.9	-2.456
99	-2.341
99.08	-2.448
99.17	-2.433
99.25	-2.435
99.33	-2.661
99.41	-2.646
99.5	-2.254
99.58	-2.2965
99.66	-2.331
99.74	-2.28
99.83	-2.576
99.91	-2.343
99.99	-2.326
100.07	-2.488
100.16	-2.37
100.24	-2.495
100.32	-2.352
100.4	-2.357
100.49	-2.2405
100.57	-2.369
100.65	-2.092
100.74	-2.552
100.82	-2.278
100.9	-2.22833
100.98	-2.318
101.07	-2.043
101.15	-2.166
101.23	-2.136
101.31	-2.257
101.4	-2.419
101.48	-2.375
101.56	-2.063
101.64	-1.91
101.73	-2.012
101.81	-2.176
101.89	-2.494
101.97	-1.801
102.06	-2.128
102.14	-2.0345
102.22	-2.225
102.3	-2.113
102.39	-2.248
102.47	-2.326
102.55	-2.074
102.64	-1.97
102.72	-2.179
102.8	-2.191
102.88	-2.0315
102.97	-1.843
103.05	-1.895
103.13	-1.598
103.21	-1.979
103.3	-1.853
103.38	-1.96
103.46	-1.924
103.54	-2.157
103.63	-2.1555
103.71	-2.326
103.79	-1.878
103.87	-2.101
103.96	-2.186
104.04	-1.986
104.12	-2.173
104.21	-1.929
104.29	-2.056
104.37	-2.063
104.45	-1.986
104.54	-2.038
104.62	-2.068
104.7	-1.94
104.78	-2.229
104.87	-2.331
104.95	-2.152
105.03	-2.248
105.11	-2.299
105.2	-2.396
105.28	-2.045
105.36	-2.402
105.44	-2.429
105.53	-2.503
105.61	-2.525
105.69	-2.108
105.77	-2.263
105.86	-1.936
105.94	-2.376
106.02	-2.29
106.11	-2.184
106.19	-2.071
106.27	-2.022
106.35	-2.055
106.44	-1.974
106.52	-2.242
106.6	-2.227
106.68	-2.014
106.77	-2.088
106.85	-1.931
106.93	-2.205
107.01	-1.98
107.1	-2.164
107.18	-2.2
107.26	-2.173
107.34	-2.254
107.43	-2.325
107.51	-1.963
107.59	-2.095
107.68	-2.1765
107.76	-2.253
107.84	-2.215
107.92	-2.345
108.01	-2.122
108.09	-2.254
108.17	-2.2425
108.25	-2.349
108.34	-2.115
108.42	-2.143
108.5	-2.392
108.58	-2.353
108.67	-2.188
108.75	-1.928
108.83	-2.352
108.91	-2.392
109	-2.4475
109.08	-2.16
109.16	-2.124
109.25	-2.34
109.33	-2.258
109.41	-2.28
109.49	-2.336
109.58	-2.165
109.66	-2.2655
109.74	-2.34
109.82	-2.329
109.91	-2.195
109.99	-2.298
110.07	-2.264
110.15	-2.0745
110.24	-2.335
110.32	-2.122
110.4	-2.329
110.48	-2.161
110.57	-1.964
110.65	-2.06
110.73	-2.149
110.81	-2.212
110.9	-2.19
110.98	-2.24
111.06	-2.322
111.15	-2.229
111.23	-2.117
111.31	-1.945
111.39	-2.287
111.48	-1.972
111.56	-2.387
111.64	-2.315
111.72	-2.184
111.81	-1.95
111.89	-2.108
111.97	-2.244
112.05	-2.191
112.14	-2.222
112.22	-2.159
112.3	-2.543
112.38	-2.226
112.47	-2.3
112.55	-2.583
112.63	-2.286
112.72	-2.2945
112.8	-2.253
112.88	-2.367
112.96	-2.03
113.05	-1.776
113.13	-2.2
113.21	-2.379
113.29	-2.198
113.38	-2.108
113.46	-2.061
113.54	-2.16
113.62	-2.227
113.71	-2.128
113.79	-2.205
113.87	-1.914
113.95	-2.051
114.04	-1.7745
114.12	-2.083
114.2	-1.906
114.28	-2.237
114.37	-2.052
114.45	-2.01
114.53	-2.338
114.62	-2.225
114.7	-2.142
114.78	-2.146
114.86	-2.054
114.95	-2.041
115.03	-2.133
115.11	-1.894
115.19	-1.972
115.28	-1.938
115.36	-2.435
115.44	-2.045
115.52	-2.31
115.61	-2.077
115.69	-1.897
115.77	-2.474
115.85	-2.377
115.94	-2.647
116.02	-2.3825
116.1	-2.323
116.19	-2.382
116.27	-2.054
116.35	-2.185
116.43	-2.242
116.52	-1.844
116.6	-1.996
116.68	-2.073
116.76	-2.7545
117.01	-1.88
117.09	-2.027
117.18	-2.246
117.26	-2.37
117.34	-2.4135
117.42	-2.032
117.51	-2.26
117.59	-2.476
117.67	-2.531
117.75	-2.383
117.84	-2.357
118	-2.17
118.09	-2.37
118.5	-2.818
118.75	-2.575
118.83	-2.283
118.91	-1.886
118.99	-2.5255
119.08	-2.38
119.16	-2.327
119.24	-2.666
119.32	-2.04
119.41	-1.966
119.49	-2.163
119.66	-2.215
119.74	-2.042
119.82	-2.157
119.9	-2.56
119.99	-2.273
120.15	-1.579
120.23	-2.181
120.32	-1.965
120.4	-2.127
120.48	-2.4745
120.56	-2.169
120.65	-2.439
120.73	-2.553
120.81	-2.459
120.89	-2.469
120.98	-2.311
121.06	-2.304
121.14	-2.294
121.23	-2.1675
121.31	-2.605
121.39	-2.234
121.47	-2.361
121.56	-2.667
121.64	-2.741
121.72	-2.794
121.8	-2.721
121.89	-2.66
121.97	-2.6535
122.05	-2.819
122.13	-2.622
122.22	-2.641
122.3	-2.596
122.38	-2.637
122.46	-2.743
122.55	-2.74
122.63	-2.698
122.71	-2.727
122.79	-2.735
122.88	-2.754
122.96	-2.696
123.04	-2.704
123.13	-2.679
123.21	-2.752
123.29	-2.6995
123.37	-2.546
123.46	-2.789
123.54	-2.625
123.62	-2.665
123.7	-2.716
123.79	-2.633
123.87	-2.517
123.95	-2.729
124.03	-2.752
124.12	-2.765
124.2	-3.019
124.28	-2.865
124.36	-2.646
124.45	-2.65
124.53	-2.4155
124.61	-2.734
124.7	-2.734
124.78	-2.695
124.86	-2.916
124.94	-2.678
125.03	-2.789
125.11	-2.776
125.19	-2.773
125.27	-2.7845
125.36	-2.807
125.44	-2.6295
125.52	-2.782
125.6	-2.386
125.69	-2.647
125.77	-2.663
125.85	-2.587
125.93	-2.607
126.02	-2.48
126.1	-2.467
126.18	-2.4355
126.26	-2.586
126.35	-2.48
126.43	-2.319
126.51	-2.123
126.6	-2.252
126.68	-2.129
126.76	-2.276
126.84	-2.182
126.93	-2.203
127.01	-2.204
127.09	-2.227
127.17	-2.204
127.26	-2.129
127.34	-2.1265
127.42	-2.298
127.5	-2.338
127.59	-2.474
127.67	-2.341
127.75	-2.373
127.83	-2.269
127.92	-2.425
128	-2.37
128.11	-2.292
128.22	-2.315
128.33	-2.415
128.44	-2.663
128.55	-2.459
128.66	-2.338
128.77	-2.16667
128.88	-2.101
128.99	-1.812
129.21	-1.646
129.32	-1.541
129.42	-1.546
129.53	-1.637
129.64	-1.996
129.75	-1.572
129.86	-1.661
129.97	-1.709
130.08	-1.747
130.19	-1.705
130.3	-1.7
130.41	-1.483
130.52	-1.551
130.63	-1.569
130.74	-1.587
130.85	-1.662
130.96	-1.586
131.07	-1.297
131.18	-1.532
131.29	-1.308
131.4	-1.629
131.51	-1.412
131.62	-1.623
131.73	-1.745
131.84	-1.629
131.95	-1.573
132.05	-1.584
132.16	-1.59
132.27	-1.505
132.38	-1.678
132.49	-1.528
132.6	-1.65
132.71	-1.403
132.82	-1.464
132.93	-1.654
133.04	-1.579
133.15	-1.417
133.26	-1.537
133.37	-1.538
133.48	-1.401
133.59	-1.532
133.7	-1.519
133.81	-1.3665
133.92	-1.637
134.03	-1.622
134.14	-1.627
134.25	-1.562
134.36	-1.42
134.47	-1.3205
134.58	-1.471
134.68	-1.457
134.79	-1.491
134.9	-1.628
135.01	-1.507
135.12	-1.66967
135.23	-1.376
135.34	-1.46
135.45	-1.462
135.56	-1.627
135.67	-1.47
135.78	-1.379
135.89	-1.764
136	-1.577
136.11	-1.466
136.22	-1.654
136.33	-1.311
136.44	-1.321
136.55	-1.677
136.66	-1.512
136.77	-1.653
136.88	-1.688
136.99	-1.547
137.1	-1.732
137.21	-1.557
137.32	-1.745
137.42	-1.954
137.53	-1.9295
137.64	-1.731
137.75	-1.6465
137.86	-1.721
137.97	-1.537
138.08	-1.739
138.19	-1.722
138.3	-1.686
138.41	-1.634
138.52	-1.792
138.63	-1.52
138.74	-1.767
138.85	-1.63
138.96	-1.44
139.07	-1.459
139.18	-1.312
139.29	-1.584
139.4	-1.661
139.51	-1.49
139.62	-1.67
139.73	-1.525
139.84	-1.445
139.95	-1.273
140.05	-1.251
140.16	-1.426
140.27	-1.3965
140.38	-1.156
140.49	-1.461
140.6	-1.534
140.71	-1.706
140.82	-1.558
140.93	-1.619
141.04	-1.714
141.15	-1.672
141.26	-1.52033
141.37	-1.235
141.48	-1.517
141.59	-1.387
141.7	-1.514
141.81	-1.165
141.92	-1.311
142.03	-1.09
142.14	-1.293
142.25	-1.285
142.36	-1.095
142.47	-1.276
142.58	-1.267
142.68	-1.469
142.79	-1.328
142.9	-1.611
143.01	-1.861
143.12	-1.697
143.23	-1.614
143.34	-1.381
143.45	-1.575
143.56	-1.641
143.67	-1.683
143.78	-1.492
143.89	-1.608
144	-1.761
144.11	-1.753
144.21	-1.841
144.32	-1.66
144.42	-1.427
144.53	-1.681
144.64	-1.757
144.74	-1.245
144.85	-1.68033
144.95	-1.824
145.06	-1.65
145.17	-1.809
145.27	-1.741
145.38	-1.9615
145.48	-2.062
145.59	-1.51
145.7	-1.5985
145.8	-1.413
145.91	-1.585
146.01	-1.637
146.12	-1.685
146.23	-1.892
146.33	-1.743
146.44	-1.779
146.54	-1.784
146.65	-1.768
146.76	-1.807
146.86	-1.617
146.97	-1.804
147.07	-1.522
147.18	-1.667
147.29	-1.352
147.39	-1.103
147.5	-1.401
147.6	-1.363
147.71	-1.504
147.82	-1.198
147.92	-1.484
148.03	-1.225
148.13	-1.225
148.24	-1.362
148.35	-1.401
148.45	-1.375
148.56	-1.621
148.66	-1.498
148.77	-1.433
148.88	-1.455
148.98	-1.106
149.09	-1.224
149.19	-1.46
149.3	-1.346
149.41	-1.284
149.51	-1.272
149.62	-1.398
149.72	-1.566
149.83	-1.333
149.94	-1.439
150.04	-1.365
150.15	-1.429
150.25	-1.66
150.36	-1.038
150.47	-1.137
150.57	-1.375
150.68	-1.447
150.78	-1.117
150.89	-1.361
151	-1.152
151.1	-0.985
151.21	-1.181
151.31	-1.114
151.42	-1.27
151.53	-1.206
151.63	-1.186
151.74	-1.118
151.95	-1.289
152.06	-1.572
152.16	-1.253
152.27	-1.407
152.37	-1.435
152.48	-1.456
152.59	-1.178
152.69	-1.646
152.8	-1.361
152.9	-1.188
153.01	-1.426
153.12	-1.55
153.22	-1.115
153.33	-1.248
153.43	-1.221
153.54	-1.496
153.65	-1.652
153.75	-1.371
153.86	-1.557
153.96	-1.486
154.07	-1.429
154.18	-1.617
154.28	-1.485
154.39	-1.595
154.49	-1.721
154.6	-1.663
154.71	-1.419
154.81	-1.457
154.92	-1.554
155.02	-1.665
155.13	-1.465
155.24	-1.916
155.34	-1.891
155.45	-1.621
155.55	-1.767
155.66	-1.871
155.77	-1.749
155.87	-1.853
155.98	-1.811
156.08	-1.798
156.19	-1.634
156.3	-1.601
156.4	-1.934
156.51	-1.878
156.61	-1.943
156.72	-1.886
156.83	-1.917
156.93	-1.954
157.04	-1.47
157.14	-1.505
157.25	-1.273
157.36	-1.469
157.46	-1.756
157.57	-1.39
157.67	-1.321
157.78	-1.584
157.89	-1.422
157.99	-1.3
158.1	-1.299
158.2	-1.552
158.31	-1.353
158.42	-1.542
158.52	-1.608
158.63	-1.266
158.73	-1.513
158.84	-1.453
158.95	-1.734
159.05	-1.32
159.16	-1.352
159.27	-1.355
159.37	-1.519
159.48	-1.556
159.58	-1.466
159.69	-1.875
159.8	-2.012
159.9	-1.888
160.01	-1.661
160.11	-1.939
160.22	-1.653
160.43	-1.875
160.54	-1.765
160.64	-1.868
160.75	-1.706
160.86	-1.673
160.96	-1.804
161.07	-1.559
161.17	-1.772
161.28	-1.405
161.39	-1.85
161.49	-1.765
161.6	-1.694
161.7	-2.021
161.81	-1.821
161.92	-2.058
162.02	-1.618
162.13	-2.075
162.23	-1.935
162.34	-2.107
162.45	-2.017
162.55	-1.944
162.66	-1.853
162.76	-1.992
162.87	-1.699
162.98	-1.502
163.08	-1.711
163.19	-1.573
163.29	-1.776
163.4	-1.705
163.51	-1.615
163.61	-1.624
163.72	-1.465
163.82	-1.719
163.93	-1.878
164.04	-1.558
164.14	-1.7
164.25	-1.754
164.35	-1.554
164.46	-1.665
164.57	-1.631
164.67	-1.763
164.78	-1.78
164.88	-1.631
164.99	-1.951
165.1	-1.639
165.2	-1.981
165.31	-2.021
165.41	-2.029
165.52	-1.898
165.63	-1.995
165.73	-2.014
165.84	-2.196
165.94	-1.979
166.05	-2.069
166.26	-2.112
166.37	-2.172
166.47	-2.194
166.58	-1.973
166.69	-2.173
166.79	-2.156
166.9	-2.161
167	-2.175
167.11	-2.212
167.22	-2.33
167.32	-2.348
167.43	-2.633
167.53	-2.475
167.64	-2.387
167.75	-2.485
167.85	-2.247
167.96	-1.828
168.06	-2.216
168.17	-1.995
168.28	-2.04
168.38	-2.158
168.49	-2.202
168.59	-1.752
168.7	-1.804
168.81	-1.984
168.91	-1.876
169.02	-2.033
169.12	-2.021
169.23	-2.124
169.34	-2.164
169.44	-2.075
169.55	-1.845
169.65	-1.992
169.76	-2.059
169.87	-2.156
169.97	-2.262
170.08	-1.91
170.18	-2.196
170.29	-1.897
170.4	-2.009
170.5	-2.056
170.61	-2.019
170.71	-2.185
170.82	-1.802
170.93	-2.152
171.03	-1.964
171.14	-2.053
171.24	-2.017
171.35	-1.898
171.46	-2.029
171.56	-1.764
171.67	-1.86
171.77	-2.068
171.88	-1.874
171.99	-1.865
172.09	-1.987
172.2	-1.659
172.3	-1.813
172.41	-1.745
172.52	-2.06
172.62	-1.907
172.73	-1.955
172.83	-1.76
172.94	-2
173.05	-2.134
173.15	-1.601
173.26	-1.979
173.36	-1.884
173.47	-2.13
173.58	-1.927
173.68	-1.965
173.79	-1.918
173.89	-2.2
174	-1.932
174.21	-1.9
174.32	-1.812
174.42	-1.65
174.53	-1.906
174.64	-1.763
174.74	-1.816
174.85	-1.835
174.95	-2.012
175.06	-1.947
175.17	-2.136
175.27	-1.954
175.38	-1.957
175.48	-1.891
175.59	-2.297
175.7	-1.867
175.8	-1.775
175.91	-1.594
176.01	-1.995
176.12	-1.793
176.23	-2.116
176.33	-1.744
176.44	-1.71
176.54	-1.823
176.65	-1.938
176.76	-1.871
176.86	-1.8
176.97	-1.765
177.07	-1.641
177.18	-2.234
177.29	-1.79
177.39	-1.843
177.5	-2.03
177.6	-1.73
177.71	-1.943
177.82	-1.906
177.92	-1.945
178.03	-1.775
178.13	-2.05
178.24	-1.752
178.35	-1.935
178.45	-2.209
178.56	-2.015
178.66	-2.091
178.77	-2.004
178.88	-2.197
178.98	-1.922
179.09	-2.288
179.19	-2.073
179.3	-2.047
179.41	-2.143
179.51	-1.882
179.62	-2.245
179.72	-1.876
179.83	-1.94
179.94	-1.62
180.04	-1.732
180.15	-1.689
180.25	-2.075
180.36	-1.943
180.47	-1.96
180.57	-2.089
180.68	-2.06
180.78	-2.01
180.89	-1.637
181	-1.707
181.1	-1.652
181.21	-1.963
181.31	-1.744
181.42	-2.084
181.53	-1.911
181.63	-2.055
181.74	-1.991
181.84	-2.092
181.95	-2.129
182.06	-1.815
182.16	-2.004
182.27	-2.019
182.37	-2.056
182.48	-2.106
182.59	-2.048
182.69	-2.155
182.8	-1.997
182.9	-2.183
183.01	-2.121
183.12	-2.042
183.22	-2.056
183.33	-2.105
183.43	-2.038
183.54	-1.648
183.65	-2.07
183.75	-2.088
183.86	-2.047
183.96	-2.046
184.07	-1.972
184.18	-1.959
184.28	-2.068
184.92	-2.063
185.02	-1.788
185.13	-1.945
185.24	-1.738
185.34	-1.671
185.55	-1.689
185.66	-2.104
185.77	-2.141
185.87	-1.967
185.98	-1.975
186.08	-1.893
186.19	-2.236
186.3	-2.468
186.4	-2.042
186.51	-2.076
186.61	-2.128
186.72	-2.04
186.83	-2.06
186.93	-2.072
187.04	-1.807
187.14	-1.96
187.25	-1.647
187.36	-2.026
187.46	-2.046
187.57	-2.019
187.67	-1.996
187.78	-2.093
187.89	-2.191
187.99	-1.936
188.1	-2.072
188.2	-1.837
188.31	-1.661
188.42	-2.054
188.52	-2.021
188.63	-1.821
188.73	-1.717
188.84	-1.929
188.95	-1.705
189.05	-1.687
189.16	-1.941
189.27	-2.044
189.37	-1.863
189.48	-2.204
189.58	-2.038
189.69	-2.152
189.8	-2.07
189.9	-1.842
190.01	-2.107
190.11	-2.172
190.22	-2.024
190.33	-1.895
190.43	-2.193
190.54	-2.17
190.96	-2.143
191.07	-1.996
191.17	-2.073
191.28	-1.97
191.39	-2.054
191.6	-2.074
191.7	-2.066
191.81	-1.939
191.92	-1.947
192.02	-2.258
192.13	-2.207
192.23	-2.223
192.34	-2.249
192.45	-2.468
192.55	-1.965
192.66	-1.893
192.76	-2.204
192.87	-2.282
192.98	-2.323
193.08	-2.172
193.19	-2.344
193.29	-2.315
193.4	-2.203
193.51	-2.221
193.61	-2.719
193.72	-2.646
193.82	-2.332
193.93	-2.196
194.04	-2.488
194.14	-2.208
194.25	-2.503
194.35	-2.57
194.46	-2.051
194.57	-2.017
194.67	-2.137
194.78	-2.036
194.88	-2.193
194.99	-1.989
195.1	-1.968
195.2	-1.979
195.31	-1.977
195.41	-2.182
195.52	-1.907
195.63	-1.601
195.73	-2.097
195.84	-2.24
195.94	-1.986
196.05	-2.347
196.16	-2.475
196.26	-2.197
196.37	-2.299
196.47	-2.102
196.58	-2.036
196.69	-1.849
196.79	-2.116
196.9	-1.968
197	-2.084
197.11	-1.865
197.22	-2.025
197.32	-1.995
197.43	-2.201
197.53	-2.053
197.64	-2.13
197.75	-2.131
197.85	-2.158
197.96	-2.058
198.06	-1.801
198.17	-2.377
198.28	-2.051
198.38	-2.414
198.49	-2.114
198.59	-2.125
198.7	-2.097
198.81	-2.082
198.91	-1.986
199.02	-2.162
199.12	-2.159
199.23	-2.23
199.34	-2.275
199.44	-2.293
199.55	-2.078
199.65	-2.179
199.76	-2.035
199.87	-2.332
199.97	-2.334
200.08	-2.042
200.18	-2.071
200.29	-1.973
200.4	-2.154
200.5	-2.125
200.61	-1.988
200.71	-2.068
200.82	-2.255
200.93	-2.217
201.03	-2.345
201.14	-2.128
201.24	-2.104
201.35	-2.038
201.46	-2.316
201.56	-2.233
201.67	-2.22
201.77	-2.029
201.88	-2.24
201.99	-1.899
202.09	-1.987
202.2	-2.098
202.3	-2.122
202.41	-2.067
202.52	-2.047
202.62	-2.002
202.73	-1.976
202.83	-1.788
202.94	-2.037
203.05	-2.036
203.15	-1.847
203.26	-1.973
203.36	-2.129
203.47	-1.923
203.58	-2.076
203.68	-1.825
203.79	-2.067
203.89	-1.847
204	-2.017
204.17	-1.766
204.33	-2.044
204.5	-1.811
204.67	-1.914
204.83	-1.77
205	-1.911
205.17	-1.976
205.33	-2.059
205.5	-1.947
205.67	-2.033
205.83	-1.884
206	-2.179
206.17	-2.011
206.33	-1.875
206.5	-1.972
206.67	-2.164
206.83	-2.176
207	-2.185
207.17	-2.099
207.33	-2.167
207.5	-2.085
207.67	-2.152
207.83	-1.918
208	-2.045
208.17	-2.139
208.33	-2.046
208.5	-2.411
208.67	-2.273
208.83	-2.156
209	-2.319
209.17	-2.208
209.33	-2.045
209.5	-2.034
209.67	-2.02
209.83	-2.348
210	-2.035
210.17	-2.167
210.33	-2.045
210.5	-2.172
210.67	-2.071
210.83	-2.138
211	-2.362
211.17	-2.3
211.33	-2.32
211.5	-2.378
211.67	-2.145
211.83	-2.179
212	-2.133
212.17	-2.461
212.33	-2.426
212.5	-2.251
212.67	-2.241
212.83	-2.246
213	-2.29
213.17	-2.422
213.33	-2.65
213.5	-2.208
213.67	-2.462
213.83	-2.29
214	-2.319
214.17	-2.422
214.33	-2.346
214.5	-2.376
214.67	-2.621
214.83	-2.36
215	-2.517
215.17	-2.307
215.33	-2.27
215.5	-2.466
215.67	-2.507
215.83	-2.432
216	-2.642
216.12	-2.48
216.25	-2.488
216.37	-2.338
216.49	-2.541
216.62	-2.519
216.74	-2.375
216.87	-2.054
216.99	-2.543
217.11	-2.387
217.24	-1.686
217.36	-2.257
217.48	-2.408
217.61	-2.048
217.73	-2.234
217.86	-2.13
217.98	-2.099
218.1	-2.122
218.23	-2.047
218.35	-1.616
218.47	-1.568
218.6	-1.594
218.72	-1.675
218.85	-1.82
218.97	-1.487
219.09	-1.756
219.22	-1.912
219.34	-1.886
219.46	-1.775
219.59	-1.625
219.71	-1.668
219.84	-1.666
219.96	-1.673
220.08	-1.661
220.33	-1.478
220.45	-1.581
220.58	-1.779
220.7	-1.436
220.82	-1.714
220.95	-1.555
221.07	-1.914
221.2	-1.482
221.32	-1.703
221.44	-1.517
221.57	-1.642
221.69	-1.55
221.81	-1.617
221.94	-1.784
222.06	-1.861
222.19	-1.79
222.31	-1.586
222.43	-1.641
222.56	-2.155
222.68	-1.652
222.8	-1.795
222.93	-2.112
223.05	-1.898
223.18	-1.978
223.3	-2.051
223.42	-2.053
223.55	-2.169
223.67	-1.898
223.79	-1.862
223.92	-1.958
224.04	-2.107
224.16	-2.055
224.29	-2.183
224.41	-2.149
224.54	-2.236
224.66	-2.146
224.78	-2.312
224.91	-2.052
225.03	-2.295
225.15	-2.502
225.28	-2.27
225.4	-1.867
225.53	-2.151
225.65	-2.114
225.77	-2.129
225.9	-1.727
226.02	-1.77
226.14	-1.298
226.27	-2.12
226.39	-1.733
226.52	-1.818
226.64	-1.614
226.76	-1.853
226.89	-1.503
227.01	-1.247
227.13	-1.27
227.26	-1.731
227.38	-1.077
227.51	-1.014
227.63	-1.217
227.75	-1.301
227.88	-1.381
228	-1.472
228.23	-1.474
228.47	-1.275
228.7	-1.416
228.94	-1.68
229.17	-1.218
229.4	-1.126
229.64	-1.105
229.87	-1.902
230.11	-1.936
230.34	-1.296
230.57	-1.996
230.81	-1.656
231.04	-2.241
231.28	-2.46
231.51	-2.331
231.74	-2.189
231.98	-2.379
232.21	-2.074
232.45	-2.27
232.68	-2.15
232.91	-2.112
233.15	-2.089
233.38	-2.112
233.62	-2.037
233.85	-2.045
234.09	-2.058
234.32	-2.328
234.55	-2.038
234.79	-1.919
235.02	-2.096
235.26	-2.223
235.49	-1.946
235.72	-2.164
235.96	-2.116
236.19	-2.268
236.43	-2.174
236.66	-2.129
236.89	-2.078
237.13	-1.992
237.36	-2.077
237.6	-2.164
237.83	-2.277
238.06	-2.254
238.3	-2.386
238.53	-2.146
238.77	-2.308
239	-2.107
239.23	-2.234
239.47	-2.201
239.7	-2.006
239.94	-2.255
240.17	-1.967
240.4	-2.435
240.64	-2.234
240.87	-2.184
241.11	-2.392
241.34	-2.133
241.57	-2.217
241.81	-2.236
242.04	-2.307
242.28	-2.233
242.51	-1.933
242.74	-2.168
242.98	-2.194
243.21	-1.893
243.45	-2.022
243.68	-2.015
243.91	-1.848
244.15	-1.732
244.38	-1.672
244.62	-1.636
244.85	-1.667
245.09	-1.555
245.32	-1.47
245.55	-1.605
245.79	-1.663
246.02	-1.658
246.26	-1.726
246.49	-1.995
246.72	-2.27
246.96	-2.013
247.19	-1.807
247.43	-2.255
247.66	-1.867
247.89	-1.946
248.13	-1.698
248.36	-1.442
248.6	-1.259
248.83	-1.423
249.06	-1.515
249.3	-1.291
249.53	-1.45
249.77	-1.428
250	-1.251
250.07	-1.386
250.14	-1.344
250.22	-1.317
250.29	-1.284
250.36	-1.492
250.43	-1.201
250.5	-1.684
250.58	-1.445
250.65	-1.766
250.72	-2.022
250.79	-2.012
250.86	-2.184
250.94	-2.065
251.01	-2.356
251.08	-2.127
251.15	-2.172
251.22	-1.974
251.29	-2.282
251.37	-2.231
251.44	-2.029
251.51	-2.195
251.58	-2.205
251.65	-2.227
251.73	-2.069
251.8	-2.217
251.87	-2.229
251.94	-2.288
252.01	-2.441
252.09	-2.257
252.16	-2.407
252.23	-2.427
252.3	-2.3
252.37	-2.466
252.45	-2.367
252.52	-2.243
252.59	-2.545
252.66	-2.54
252.73	-1.981
252.81	-2.23
252.88	-1.962
252.95	-2.262
253.02	-2.213
253.09	-2.312
253.17	-2.217
253.24	-2.055
253.31	-1.823
253.38	-1.814
253.45	-1.618
253.53	-1.78
253.6	-1.9
253.67	-1.767
253.74	-1.826
253.81	-1.713
253.88	-1.856
253.96	-1.647
254.03	-1.644
254.1	-1.418
254.17	-1.733
254.24	-1.622
254.32	-1.554
254.39	-1.617
254.46	-1.381
254.53	-1.609
254.6	-1.543
254.68	-1.727
254.75	-1.301
254.82	-1.459
254.89	-1.387
254.96	-1.642
255.04	-1.571
255.11	-1.6
255.25	-1.642
255.32	-1.546
255.4	-1.39
255.47	-1.553
255.54	-1.641
255.61	-1.565
255.68	-1.535
255.76	-1.566
255.83	-1.499
255.9	-1.659
255.97	-1.603
256.04	-1.516
256.12	-1.695
256.19	-1.818
256.26	-1.53
256.33	-1.745
256.4	-1.551
256.47	-1.445
256.55	-1.531
256.62	-1.618
256.69	-1.606
256.76	-1.597
256.83	-1.639
256.91	-1.346
256.98	-1.694
257.05	-1.699
257.12	-1.454
257.19	-1.548
257.27	-1.567
257.34	-1.393
257.41	-1.606
257.48	-1.26
257.55	-1.52
257.63	-1.816
257.7	-1.517
257.77	-1.664
257.84	-1.337
257.91	-1.474
257.99	-1.389
258.06	-1.45
258.13	-1.377
258.2	-1.662
258.27	-1.586
258.35	-1.625
258.42	-1.392
258.49	-1.645
258.56	-1.607
258.63	-1.678
258.71	-1.507
258.78	-1.534
258.85	-1.6
258.99	-1.655
259.06	-1.649
259.14	-1.761
259.21	-1.672
259.28	-1.628
259.35	-1.581
259.42	-1.158
259.5	-1.433
259.57	-1.297
259.64	-1.365
259.71	-1.44
259.78	-1.241
259.86	-1.205
259.93	-1.223
260	-1.187
260.07	-1.292
260.14	-1.501
260.22	-1.592
260.29	-1.653
260.36	-1.632
260.43	-1.804
260.5	-1.66
260.58	-1.7
260.65	-2.002
260.72	-1.837
260.79	-1.741
260.86	-1.84
260.94	-1.831
261.01	-1.676
261.08	-1.66
261.15	-1.861
261.22	-1.874
261.29	-1.535
261.37	-1.912
261.44	-1.829
261.51	-1.592
261.58	-1.721
261.65	-1.527
261.73	-1.59
261.8	-1.766
261.87	-1.763
261.94	-1.897
262.01	-1.764
262.09	-1.834
262.16	-1.973
262.23	-1.77
262.3	-1.862
262.37	-1.691
262.45	-1.815
262.52	-1.635
262.59	-1.404
262.66	-1.633
262.73	-1.828
262.81	-1.728
262.88	-1.813
262.95	-1.596
263.02	-1.541
263.09	-1.621
263.17	-1.923
263.24	-2.065
263.31	-1.94
263.38	-2.052
263.45	-1.539
263.53	-1.73
263.6	-1.376
263.67	-1.625
263.74	-1.654
263.81	-1.612
263.88	-1.67
263.96	-1.84
264.03	-1.681
264.1	-1.578
264.17	-1.776
264.24	-1.653
264.32	-1.89
264.39	-1.797
264.46	-2.088
264.53	-1.882
264.6	-1.756
264.68	-2
264.75	-2.012
264.82	-2.001
264.89	-1.967
264.96	-1.789
265.04	-1.708
265.11	-1.982
265.18	-1.72
265.25	-2.003
265.32	-1.723
265.4	-1.836
265.47	-1.83
265.54	-1.813
265.61	-1.791
265.68	-1.624
265.76	-1.809
265.83	-1.888
265.9	-1.828
265.97	-1.587
266.04	-1.926
266.12	-1.8
266.19	-1.723
266.26	-1.563
266.33	-1.759
266.4	-1.391
266.47	-1.737
266.55	-1.91
266.62	-1.73
266.69	-1.711
266.76	-1.786
266.83	-1.855
266.91	-1.729
266.98	-1.738
267.05	-1.876
267.12	-1.685
267.19	-1.779
267.27	-1.926
267.34	-1.862
267.41	-1.711
267.48	-2.037
267.55	-1.83
267.7	-1.922
267.77	-1.83
267.84	-1.918
267.91	-1.558
267.99	-1.809
268.06	-1.839
268.13	-1.674
268.2	-1.836
268.27	-1.772
268.35	-1.734
268.42	-1.829
268.49	-1.865
268.56	-1.811
268.63	-1.706
268.71	-1.869
268.78	-1.898
268.85	-1.996
268.92	-1.909
268.99	-1.895
269.06	-1.912
269.14	-1.968
269.21	-2.039
269.28	-1.548
269.35	-1.833
269.42	-1.611
269.5	-1.359
269.57	-1.86
269.64	-1.828
269.71	-1.714
269.78	-1.451
269.86	-1.457
269.93	-1.886
270	-1.72
270.23	-1.656
270.45	-1.292
270.68	-1.476
270.91	-1.486
271.14	-1.71
271.36	-1.229
271.59	-1.517
271.82	-1.849
272.05	-1.463
272.27	-1.523
272.5	-1.467
272.73	-1.936
272.95	-1.807
273.18	-1.412
273.41	-1.144
273.64	-1.96
273.86	-1.981
274.09	-1.539
274.32	-1.729
274.55	-2.038
274.77	-1.649
275	-1.638
275.23	-1.699
275.45	-1.861
275.68	-1.704
275.91	-1.838
276.14	-1.679
276.36	-1.905
276.59	-2.086
276.82	-1.943
277.05	-1.85
277.27	-1.683
277.5	-1.743
277.73	-2.174
277.95	-1.99
278.18	-2.139
278.41	-2.222
278.64	-1.659
278.86	-1.933
279.09	-2.066
279.32	-2.156
279.55	-1.995
279.77	-2.32
280	-2.055
280.23	-2.201
280.45	-2.19
280.68	-2.119
280.91	-1.931
281.14	-2.033
281.36	-1.946
281.59	-1.902
281.82	-2.039
282.05	-2.029
282.27	-2.125
282.5	-2.089
282.73	-2.085
282.95	-2.068
283.18	-2.148
283.41	-2.58
283.64	-2.221
283.86	-2.354
284.09	-2.5
284.32	-2.594
284.55	-2.513
284.77	-2.307
285	-2.289
285.11	-2.026
285.23	-2.434
285.34	-2.561
285.45	-2.396
285.57	-2.303
285.68	-2.169
285.79	-2.169
285.91	-2.141
286.02	-2.262
286.13	-2.116
286.25	-2.432
286.36	-2.538
286.47	-2.164
286.59	-2.429
286.7	-2.278
286.81	-2.507
286.93	-2.179
287.04	-2.5
287.15	-2.454
287.27	-2.161
287.38	-2.492
287.49	-2.324
287.61	-2.489
287.72	-2.399
287.83	-2.169
287.94	-2.378
288.06	-2.472
288.17	-2.348
288.28	-2.049
288.4	-2.28
288.51	-2.455
288.62	-2.127
288.74	-2.322
288.85	-2.319
288.96	-2.403
289.08	-2.098
289.19	-2.366
289.3	-2.395
289.42	-2.422
289.53	-2.148
289.64	-2.236
289.76	-2.094
289.87	-2.215
289.98	-2.013
290.1	-2.02
290.21	-2.179
290.32	-1.957
290.44	-1.9
290.55	-1.999
290.66	-2.134
290.78	-1.947
290.89	-1.99
291	-2.106
291.12	-2.124
291.23	-1.971
291.34	-1.819
291.46	-1.871
291.57	-1.921
291.68	-1.865
291.8	-1.809
291.91	-1.826
292.02	-2.131
292.14	-1.796
292.25	-2.036
292.36	-1.954
292.48	-2.01
292.59	-2.054
292.7	-2.102
292.82	-1.778
292.93	-1.843
293.04	-2.221
293.16	-2.032
293.27	-2.305
293.38	-2.013
293.5	-1.974
293.61	-2.123
293.72	-1.848
293.83	-2.192
293.95	-1.995
294.06	-1.797
294.17	-2.158
294.29	-1.843
294.4	-2.177
294.51	-2.222
294.63	-1.754
294.74	-2.317
294.85	-2.015
294.97	-2.196
295.08	-2.245
295.19	-2.077
295.31	-2.337
295.42	-2.071
295.53	-1.925
295.65	-1.673
295.76	-1.837
295.87	-1.906
295.99	-2.11
296.1	-1.658
296.21	-1.778
296.33	-1.765
296.44	-1.8
296.55	-1.973
296.67	-1.863
296.78	-1.693
296.89	-2.064
297.01	-2.157
297.12	-2.023
297.23	-1.89
297.35	-2.058
297.46	-2.057
297.57	-1.925
297.69	-1.959
297.8	-1.983
297.91	-2.199
298.03	-2.136
298.14	-2.183
298.25	-2.175
298.37	-1.749
298.48	-2.494
298.59	-2.361
298.71	-2.381
298.82	-2.217
298.93	-2.311
299.05	-2.237
299.16	-2.262
299.27	-2.192
299.39	-2.157
299.5	-2.202
299.61	-2.283
299.84	-2.247
300.06	-2.217
300.18	-2.102
300.29	-2.088
300.4	-1.874
300.52	-1.814
300.63	-1.759
300.74	-1.613
300.86	-1.711
300.97	-1.941
301.08	-1.632
301.2	-1.919
301.31	-2.09
301.42	-1.971
301.54	-2.067
301.65	-2.11
301.76	-1.876
301.88	-2.026
301.99	-2.021
302.1	-2.175
302.33	-2.136
302.44	-2.09
302.56	-2.272
302.67	-2.335
302.78	-2.272
302.9	-2.596
303.01	-2.191
303.12	-2.472
303.24	-2.524
303.35	-2.211
303.46	-2.119
303.58	-1.914
303.69	-1.906
303.8	-2.215
303.92	-2.306
304.03	-2.291
304.14	-2.115
304.26	-2.273
304.37	-2.465
304.48	-2.303
304.6	-2.201
304.71	-2.139
304.82	-2.204
304.94	-2.057
305.05	-2.261
305.16	-1.771
305.28	-1.768
305.39	-1.904
305.5	-1.592
305.61	-1.906
305.73	-1.753
305.84	-2.105
305.95	-1.852
306.07	-2.151
306.18	-1.872
306.29	-1.987
306.41	-1.941
306.52	-1.921
306.63	-2.218
306.75	-1.961
306.86	-2.076
306.97	-1.996
307.09	-2.06
307.2	-1.791
307.31	-1.71
307.43	-1.834
307.54	-1.697
307.65	-2.2
307.77	-2.072
307.88	-1.781
307.99	-1.812
308.11	-2.054
308.22	-2.44
308.33	-2.207
308.45	-1.939
308.56	-1.859
308.67	-2.167
308.79	-1.627
308.9	-2.64
309.01	-1.841
309.13	-2.041
309.24	-1.938
309.35	-2.033
309.47	-1.865
309.58	-1.806
309.69	-2.035
309.81	-1.989
309.92	-2.011
310.03	-2.742
310.15	-2.19
310.26	-1.979
310.37	-2.038
310.49	-2.153
310.6	-1.89
310.71	-2.185
310.83	-1.844
310.94	-2.115
311.05	-1.876
311.17	-2.131
311.28	-2.128
311.39	-1.89
311.5	-2.112
311.62	-1.786
311.73	-1.942
311.84	-2.146
311.96	-1.964
312.07	-2.043
312.18	-1.886
312.3	-1.891
312.41	-2.036
312.52	-1.931
312.64	-1.942
312.75	-1.803
312.86	-1.84
312.98	-1.842
313.09	-2.244
313.2	-1.769
313.32	-1.97
313.43	-2.005
313.54	-2.136
313.66	-1.756
313.77	-2.005
313.88	-1.77
314	-1.945
314.11	-1.904
314.22	-2.2
314.34	-1.902
314.45	-1.832
314.56	-2.021
314.68	-1.904
314.79	-2.058
314.9	-1.907
315.02	-2.28
315.13	-1.929
315.24	-1.914
315.36	-1.838
315.47	-1.919
315.58	-1.926
315.7	-2.22
315.81	-1.667
315.92	-1.79
316.04	-1.602
316.15	-1.79
316.26	-2.043
316.38	-1.976
316.49	-2.088
316.6	-1.76
316.72	-1.74
316.83	-2.004
316.94	-1.736
317.06	-1.718
317.17	-1.686
317.28	-1.927
317.39	-1.645
317.51	-1.604
317.62	-1.488
317.73	-1.623
317.85	-1.935
317.96	-1.884
318.07	-1.714
318.19	-1.56
318.3	-1.673
318.41	-1.895
318.53	-1.696
318.64	-1.646
318.75	-1.676
318.87	-2.087
318.98	-1.975
319.09	-1.986
319.21	-1.963
319.32	-1.87
319.43	-1.91
319.55	-1.865
319.66	-2.029
319.77	-2.19
319.89	-1.851
320	-2.054
320.16	-1.981
320.32	-1.984
320.49	-1.923
320.65	-1.937
320.81	-1.896
320.97	-1.968
321.13	-2.096
321.3	-2.119
321.46	-2.017
321.62	-1.825
321.78	-1.581
321.94	-2.082
322.1	-1.941
322.27	-2.011
322.43	-2.276
322.59	-2.398
322.75	-2.035
322.91	-1.843
323.08	-1.968
323.24	-2.106
323.4	-2.222
323.56	-2.246
323.72	-2.023
323.89	-2.203
324.05	-2.36
324.21	-2.289
324.37	-2.429
324.53	-2.351
324.7	-2.15
324.86	-2.429
325.02	-2.484
325.18	-2.606
325.34	-2.588
325.5	-2.313
325.67	-2.207
325.83	-2.358
325.99	-2.399
326.15	-2.319
326.31	-2.356
326.48	-2.213
326.64	-2.313
326.8	-2.496
326.96	-2.564
327.12	-2.371
327.29	-2.39
327.45	-2.35
327.61	-2.371
327.77	-2.491
327.93	-2.798
328.1	-2.319
328.26	-2.21
328.42	-2.561
328.58	-2.528
328.74	-2.574
328.9	-2.4
329.07	-2.65
329.23	-2.593
329.39	-2.652
329.55	-2.55
329.71	-2.667
329.88	-2.258
330.04	-2.593
330.2	-2.541
330.36	-2.404
330.52	-2.46
330.69	-2.147
330.85	-2.316
331.01	-2.531
331.17	-2.578
331.33	-2.331
331.5	-2.456
331.66	-2.31
331.82	-2.349
331.98	-2.609
332.14	-2.261
332.3	-2.505
332.47	-2.448
332.63	-2.601
332.79	-2.287
332.95	-2.348
333.11	-2.314
333.28	-2.289
333.44	-2.2
333.6	-2.394
333.76	-2.404
333.92	-2.419
334.09	-2.565
334.25	-2.194
334.41	-2.443
334.57	-2.31
334.73	-2.185
334.9	-2.655
335.06	-2.283
335.22	-2.214
335.38	-2.234
335.54	-2.376
335.7	-2.128
335.87	-2.212
336.03	-2.58
336.19	-2.004
336.35	-1.694
336.51	-2.215
336.68	-1.856
336.84	-1.924
337	-1.897
337.22	-1.839
337.44	-1.896
337.66	-1.801
337.88	-1.966
338.1	-1.992
338.32	-1.664
338.54	-1.241
338.76	-1.325
338.98	-1.447
339.21	-1.374
339.43	-1.189
339.65	-1.337
339.87	-1.348
340.09	-1.382
340.31	-1.214
340.53	-1.341
340.75	-1.336
340.97	-1.107
341.19	-1.258
341.41	-1.449
341.63	-1.155
341.85	-1.251
342.07	-1.282
342.29	-1.329
342.51	-1.087
342.73	-1.322
342.95	-1.155
343.17	-1.25
343.4	-1.236
343.62	-1.219
343.84	-0.917
344.06	-1.136
344.28	-1.103
344.5	-1.157
344.72	-1.269
344.94	-1.21
345.16	-1.084
345.38	-1.356
345.6	-1.213
345.82	-1.322
346.04	-1.166
346.26	-1.39
346.48	-1.066
346.7	-1.158
346.92	-1.135
347.14	-1.014
347.37	-1.262
347.59	-1.109
347.81	-1.065
348.03	-1.234
348.25	-1.063
348.47	-1.154
348.69	-0.912
348.91	-1.296
349.13	-1.32
349.35	-1.446
349.57	-1.494
349.79	-1.445
350.01	-1.346
350.23	-1.264
350.45	-1.298
350.67	-1.385
350.89	-1.374
351.11	-1.269
351.33	-1.499
351.56	-1.331
351.78	-1.55
352	-1.433
352.22	-1.695
352.44	-1.456
352.66	-1.379
352.88	-1.472
353.1	-1.59
353.32	-1.287
353.54	-1.721
353.76	-1.489
353.98	-1.743
354.2	-1.429
354.42	-1.885
354.64	-1.385
354.86	-1.818
355.08	-1.662
355.3	-1.729
355.52	-1.708
355.75	-1.875
355.97	-1.531
356.19	-1.537
356.41	-1.942
356.63	-1.652
356.85	-1.713
357.07	-1.564
357.29	-1.608
357.51	-1.84
357.73	-1.5
357.95	-2.021
358.17	-1.843
358.39	-1.97
358.61	-1.885
358.83	-1.628
359.05	-1.766
359.27	-1.594
359.49	-2.028
359.71	-1.745
359.94	-1.977
360.16	-2.339
360.38	-2.331
360.6	-2.126
360.82	-2.196
361.04	-1.905
361.26	-2.112
361.48	-1.802
361.7	-2.234
361.92	-1.817
362.14	-1.826
362.36	-1.795
362.58	-2.139
362.8	-1.894
363.02	-2.182
363.24	-1.876
363.46	-2.043
363.68	-2.006
363.9	-1.927
364.13	-2.089
364.35	-2.145
364.57	-2.118
364.79	-2.087
365.01	-2.106
365.23	-1.945
365.45	-1.817
365.67	-1.843
365.89	-1.921
366.11	-2.305
366.33	-1.922
366.55	-2.043
366.77	-2.015
366.99	-2.024
367.21	-2.34
367.43	-2.435
367.65	-2.505
367.87	-2.101
368.1	-2.228
368.32	-2.117
368.54	-1.842
368.76	-1.657
368.98	-1.966
369.2	-1.821
369.42	-1.848
369.64	-2.128
369.86	-2.257
370.08	-1.732
370.3	-2.215
370.52	-2.057
370.74	-2.1
370.96	-2.075
371.18	-1.73
371.4	-1.766
371.62	-1.949
371.84	-1.947
372.06	-2.146
372.29	-2.334
372.51	-2.101
372.73	-2.444
372.95	-2.426
373.17	-2.126
373.39	-2.159
373.61	-2.318
373.83	-2.109
374.05	-2.014
374.27	-2.104
374.49	-2.062
374.71	-2.185
374.93	-2.26
375.15	-2.253
375.37	-2.152
375.59	-2.657
375.81	-2.346
376.03	-2.593
376.48	-2.549
376.7	-2.336
377.14	-2.083
377.36	-1.87
377.58	-1.818
377.8	-1.625
378.02	-1.447
378.24	-1.674
378.46	-1.992
378.68	-1.773
378.9	-2.003
379.12	-2.133
379.34	-2.039
379.56	-2.004
379.78	-1.937
380	-1.998
380.22	-1.992
380.44	-2.126
380.67	-2.172
380.89	-2.125
381.11	-2.137
381.33	-2.059
381.55	-2.402
381.77	-2.027
381.99	-1.753
382.21	-2.303
382.43	-2.359
382.65	-2.529
382.87	-2.285
383.09	-2.335
383.31	-2.247
383.53	-2.311
383.75	-2.234
383.97	-2.229
384.19	-2.348
384.41	-2.161
384.63	-2.271
384.86	-2.062
385.08	-2.08
385.3	-2.189
385.52	-2.28
385.74	-2.197
385.96	-2.652
386.18	-2.419
386.4	-2.153
386.62	-2.34
386.84	-1.895
387.06	-2.198
387.28	-2.221
387.5	-2.449
387.72	-2.457
387.94	-2.089
388.16	-2.282
388.38	-2.091
388.6	-2.035
388.83	-2.347
389.05	-2.352
389.27	-1.998
389.49	-1.872
389.71	-2.525
389.93	-1.87
390.15	-2.124
390.37	-2.116
390.59	-1.915
390.81	-1.646
391.03	-2.187
391.25	-2.477
391.47	-2.175
391.69	-2.037
391.91	-2.076
392.13	-2.005
392.35	-1.576
392.57	-1.927
392.79	-2.081
393.02	-1.825
393.24	-2.188
393.46	-1.954
393.68	-1.515
393.9	-2.083
394.12	-2.102
394.34	-2.086
394.67	-2.394
395	-2.136
