/* DESCRIPTION:
Reference:	Elderfield, H et al. (2012): Evolution of ocean temperature and ice volume through the Mid-Pleistocene Climate Transition. Science, 337(6095), 704-709, https://doi.org/10.1126/science.1221294
Data from:	https://doi.org/10.1594/PANGAEA.786178. Accessed 22 Nov 2022.
Comment:	Several variables from the original dataset are not included here.
*/
Age [ka BP]	Uvigerina spp. δ18O [‰ PDB]	Uvigerina spp. δ13C [‰ PDB]	Mg/Ca [mmol/mol]
7	3.4	-0.28	1.14
8.1	3.33	-0.27	1.158
8.4	3.34	-0.31	1.099
10.1	3.46	-0.55	1.114
10.3	3.36	-0.58	1.27
11			1.269
11.7	3.5	-0.44	1.38
12.1	3.65	-0.51	1.177
12.4			1.221
13.5	4.4	-0.64	1.144
13.7	3.92	-0.63	1.148
14.1	4.33	-0.91	1.164
15.1			0.976
15.3	4.51	-0.63	1.077
17	4.99	-1.09	0.948
17.3	5.03	-0.95	0.997
18.8	4.76	-1.27	1.017
18.9	5.21	-0.78	0.998
20.2			1.026
20.6	5.11	-1.11	1.094
20.9	4.94	-0.91	
21.3	3.61	-1.62	0.994
21.7	4.91	-0.96	0.908
22	4.98	-0.96	1.111
22.7	4.93	-0.91	1.075
23.1	5.02	-1.03	0.872
23.8	5.01	-1.06	1.152
24.6	4.98	-0.94	1.096
24.9	4.78	-0.94	1.087
25.1			0.996
25.5	5.03	-0.96	1.066
25.8	5	-0.93	1.025
26.2	4.83	-0.9	1.142
26.7	4.93	-0.91	0.933
27.1	5.08	-0.78	0.936
27.5	5	-0.88	0.882
27.8	4.89	-0.95	0.921
28.2	4.71	-1.01	1.009
28.5	4.82	-0.84	1
28.7			1.09
29.1	4.82	-0.91	0.941
29.6	4.59	-0.71	
30.3	5.06	-0.62	0.929
30.7			0.856
31.1	4.82	-0.81	1.046
31.4	4.77	-0.84	1.14
31.8	4.28	-0.73	1.03
32.2	4.8	-0.86	0.921
32.3			1.141
34.1	4.68	-0.73	
34.3	4.77	-0.81	1.031
34.9	4.7	-0.76	1.039
35.2	4.75	-0.58	1.158
36.1	4.77	-0.73	1.143
36.5	4.65	-0.77	1.04
37.2	4.26	-0.67	1.054
37.6	4.63	-0.66	1.055
38.3	4.64	-0.7	1.065
38.7	4.72	-0.79	1.047
38.9	4.65	-0.48	
39.2	4.66	-0.82	0.965
39.6	4.74	-0.79	0.942
39.9	4.74	-0.8	0.989
40.3			1.009
40.5	4.8	-0.73	0.895
40.8	4.35	-0.74	
41.6	4.78	-0.84	1.005
41.9	4.68	-0.87	0.873
42.3	4.6	-0.74	0.998
42.5	4.64	-0.74	
43	4.69	-0.68	0.93
43.4	4.76	-0.82	0.914
43.7	4.69	-0.85	0.971
44.1	4.68	-0.72	1.055
44.3	4.55	-0.87	1.043
44.5	4.39	-0.92	
44.8			1.035
45.5	4.54	-0.7	0.977
45.9	4.66	-0.64	1.031
46.3	4.59	-0.57	0.998
47.2	4.37	-0.43	1.092
47.5			1.172
47.9	4.58	-0.64	1.03
48.1	4.43	-0.49	1.059
48.4	4.67	-0.76	1.129
48.8	4.6	-0.62	1.006
49.2	4.57	-0.77	0.969
49.9	4.56	-0.69	1.043
50.6	4.56	-0.8	0.904
51	4.59	-0.7	1.004
51.5	4.41	-0.66	1.007
51.7	4.33	-0.56	1.203
52.1	4.57	-0.81	0.95
52.4	4.97	-0.6	0.972
52.8	4.54	-0.83	1.181
53	4.6	-0.69	1.043
53.3	4.44	-0.8	1.108
53.9	4.55	-0.77	0.976
54.2	4.53	-0.89	1.295
54.6	4.52	-0.81	1.188
55	4.73	-0.85	1.054
55.1	4.43	-0.84	1.035
55.3	4.32	-0.6	
55.9			1.176
56.2	4.53	-0.8	1.085
56.8			1.15
57.1	4.5	-0.87	
60.9	4.75	-1.2	0.925
61.3	4.67	-1	1.091
61.8			1.024
62.4	4.46	-1.24	
62.7	4.51	-1.17	1.086
63.1			0.966
63.5	4.69	-1.03	0.951
64.2	4.63	-1.06	0.835
64.4	4.51	-1.03	
64.9			0.944
65.3	4.7	-1.07	1.09
65.6	4.68	-0.98	0.911
66	4.78	-0.84	1.099
68.7			0.931
69.3	4.36	-0.59	1.004
71.9	4.22	-0.39	0.939
74.6	4.15	-0.59	0.985
75.2	3.93	-0.44	
76.9			1.005
77.8	4.09	-0.57	
79.9			1.06
80.2	3.93	-0.42	1.36
81.1	3.9	-0.45	1.201
83.7	3.76	-0.62	1.011
84	3.63	-0.58	1.107
86.1	4.11	-0.76	0.895
86.4			0.914
87	4.19	-0.71	
89.2			0.956
90.2	4.12	-0.6	0.92
92.5	4.02	-0.68	1.009
93.4	4.19	-0.61	1.045
96.3			1.047
96.6	3.79	-0.49	1.09
98.9	3.86	-0.45	1.039
99.2	3.88	-0.44	1.16
99.8	3.45	-0.62	1.101
103.7	4.08	-0.6	1.173
104	3.95	-0.46	1.061
104.6	4.04	-0.64	1.03
105.3	4.04	-0.58	1.116
105.9	3.95	-0.6	1.101
106.6	4.08	-0.82	1.073
108.5	4.07	-0.59	1.018
109.5	3.73	-0.71	1.215
110.1			1.141
112	4.31	-0.63	1.113
112.3	3.86	-0.66	
115.2	3.95	-0.6	1.111
115.9	3.93	-0.65	1.113
117.2			1.134
118.4	3.63	-0.6	1.074
118.8	3.68	-0.81	1.252
119.7	3.42	-0.57	1.186
121.3	3.36	-0.35	1.261
122.3	3.69	-0.71	1.252
122.9	3.29	-0.56	1.323
123.6	3.34	-0.61	1.193
124.2	3.22	-0.46	1.267
124.8			1.28
125.5	3.19	-0.65	1.294
126.1			1.246
127.4	3.31	-0.44	1.253
128.1	3.34	-0.68	1.376
128.7		-1.19	1.082
129.3	3.63	-0.6	1.279
130	4.05	-0.65	1.194
130.6	4.18	-0.58	1.259
131.6	3.95	-0.49	1.32
132.5	4.59	-0.78	1.086
133.2	4.72	-0.9	1.083
133.8	4.7	-1.02	0.986
134.5	4.9	-0.97	1.037
135.1	4.92	-1.11	1.091
135.8	4.76	-1.01	1.028
136.4	5	-1.04	0.992
137	4.77	-1.13	0.958
137.7	4.9	-1.13	0.918
138	5.12	-0.94	0.95
138.2	4.94	-1.08	1.149
138.6	4.86	-1.18	0.921
139.1	4.89	-1.13	1.016
139.5	4.86	-1.25	0.931
139.9	4.95	-1.17	0.937
140.3	4.77	-0.94	1.111
140.8	4.93	-1.06	0.956
141.2	4.74	-1.11	0.989
141.6	4.84	-1.24	0.879
142	4.95	-1.21	1.011
142.5	4.9	-1.13	1.064
142.9	4.75	-1.31	0.95
143.3	4.67	-1.27	1.076
143.7	4.76	-1.16	1.003
144.2	4.77	-1.18	0.954
144.6	4.57	-1.24	0.993
147.4	4.81	-1.11	0.975
147.8	4.59	-1.4	1.023
148.6	4.65	-1.15	1.081
150.8			0.855
151	4.67	-1.27	1.004
151.4	4.55	-1.21	0.944
151.8	4.56	-1.22	0.9
152.2	4.66	-1.2	0.948
152.9	4.53	-1.18	0.978
153.5	4.63	-1.27	0.987
154	4.53	-1.32	1.036
154.4	4.56	-1.36	0.918
154.8	4.74	-1.3	0.902
155.2	4.49	-1.2	1.029
155.7	4.82	-1.5	0.919
156.1	4.67	-1.27	1.105
156.9	4.75	-1.36	0.959
157.1	4.91	-1.35	0.928
157.8	4.72	-1.41	0.882
158.2	4.72	-1.47	0.814
158.6	4.52	-1.46	0.999
158.8	4.89	-1.37	0.843
159.1	4.64	-1.42	0.834
159.5	4.78	-1.26	0.973
159.9	4.8	-1.39	0.889
160.3	4.74	-1.3	0.851
160.8	4.69	-1.38	0.818
161.2	4.62	-1.41	0.858
161.6	4.71	-1.52	0.997
162.5	4.59	-1.33	0.758
162.9	4.54	-1.51	0.871
163.3	4.6	-1.44	0.849
163.7	4.61	-1.22	1.011
164.2	4.57	-1.32	0.895
164.6	4.53	-1.32	0.888
165	4.61	-1.25	0.972
165.4	4.48	-1.12	0.987
165.9	4.6	-1.36	0.948
166.3	4.53	-1.31	0.946
166.7	4.51	-1.43	0.921
167.1	4.51	-1.23	0.884
167.6	4.61	-1.32	0.98
168	4.28	-0.94	0.939
168.4	4.61	-1.13	1.048
168.8	4.69	-1.04	0.952
169.3	4.55	-1.3	0.821
169.7	4.42	-1.37	0.844
170.1	4.59	-1.23	0.895
170.5	4.48	-1.21	0.9
172.2	4.64	-1.23	1.03
173.5	4.34	-1.07	1.035
173.9	4.27	-1.12	1.018
174.2	4.4	-1.13	0.991
174.4	4.41	-1.16	1.003
174.8	4.33	-1.15	1.049
175.2	4.33	-1.18	0.969
176.1	4.36	-1.19	0.956
176.5	4.26	-0.95	1.011
176.9	4.36	-1.06	0.93
178.6	4.45	-1.26	1.039
179	4.48	-1.32	0.923
179.5	4.33	-1.32	0.975
179.9	4.42	-1.32	1.025
181.2	4.51	-1.38	0.985
182.4	4.52	-1.12	0.899
182.9	4.32	-1.18	0.935
183.3	4.4	-1.18	0.92
184.6	4.38	-1.3	0.859
185	4.77	-1.27	1.024
185.5	4.69	-1.39	0.846
186	4.56	-1.23	0.857
186.5	4.53	-1.34	0.807
187	4.56	-1.21	0.912
188.8	4.69	-1.41	0.842
189.6	4.37	-1.39	0.787
190.1	4.59	-1.12	1.07
190.6	4.44	-1.42	0.907
191.1	4.54	-1.21	0.889
191.6	4.47	-1.32	0.838
192.1	4.61	-1.15	0.921
192.3	4.5	-1.32	0.828
192.6	4.41	-1.36	0.86
193.1	4.58	-1.19	0.914
194.1	4.4	-1.31	0.975
195.1	4.14	-1.11	1.063
196.7	4.15	-0.94	1.031
197.4	4.62	-1.01	0.909
197.7	4.1	-1.01	1.004
198.2	4.14	-0.91	0.974
198.7	4.1	-0.82	0.967
199.9	3.7	-0.9	1.033
200.2	3.97	-0.76	1.022
200.7	3.91	-0.98	1.009
201.2	3.83	-0.64	0.945
202	3.79	-0.77	1.159
202.7	3.81	-0.67	1.055
203.2	3.77	-0.76	1.314
203.7	3.95	-0.76	1.113
205.3	3.57	-0.64	1.17
205.8	3.53	-0.72	1.027
207.3	3.61	-0.67	1.238
207.8	3.62	-0.75	1.221
208.3	3.65	-0.7	1.115
208.8	3.71	-0.71	1.152
209.3	4.62	-1.1	1.071
210.3	3.66	-0.62	1.162
210.8	3.71	-0.71	1.149
211.3	4.06	-0.69	1.1
211.9	3.93	-0.57	1.02
212.4	3.9	-0.54	1.083
212.9	3.72	-0.42	1.092
213.4	3.78	-0.53	1.103
213.9	3.71	-0.58	1.232
214.4	3.78	-0.43	1.117
214.9	3.76	-0.47	1.089
215.4	3.54	-0.43	1.15
215.9	3.66	-0.59	1.102
216.4			1.212
216.9	3.86	-0.75	1.204
217.4	3.98	-0.67	1.181
217.9	3.56	-0.27	
218.4	3.91	-0.66	1.164
218.9	4.07	-0.94	1.143
219.7			1.129
220.5	4.25	-1.1	
221	4.42	-0.83	1.025
221.5	4.5	-0.89	1.067
222.2			1.219
223	4.59	-0.85	1.144
223.5	4.55	-1.11	0.994
224.1	4.45	-1.19	1.073
225.1	4.55	-1.03	1.144
225.4	4.54	-0.99	1.101
225.9	4.65	-1.11	0.95
226.4	4.3	-0.89	0.941
227	4.54	-1.21	1.061
228.3	4.32	-0.95	1.108
228.8	4.99	-0.93	0.982
229.3	4.41	-1.13	1.01
229.9	4.58	-1.14	1.093
230.4	4.45	-1	0.968
230.9	4.35	-0.89	1.138
231.4	4.01	-0.99	1.126
232	4.4	-0.88	0.943
232.5	3.96	-0.79	1.002
233	4.13	-0.9	0.98
233.5	3.87	-0.9	1.127
234.1	4.24	-0.9	1.031
234.6	4.01	-0.92	1.073
235.4			1.135
236.2	3.82	-0.6	
236.7	3.72	-0.8	1.043
237.2	3.76	-0.89	1.199
237.8	3.87	-0.71	1.159
238.3	3.63	-0.78	1.089
238.8			1.224
239.1	3.56	-0.78	1.275
239.6			1.216
240.1	3.6	-0.94	1.206
241.5	3.42	-0.28	
242	3.75	-0.07	1.384
242.5	4	-0.85	1.269
244.1	3.6	-0.35	
246.7	4.63	-1.09	0.846
247.3	4.61	-1.27	0.893
248.3	4.65	-0.95	0.933
248.8	4.62	-0.96	0.784
249.4	4.82	-0.97	0.868
249.9	4.66	-1.18	0.926
250.4	4.77	-0.99	0.834
250.9	4.81	-1.14	0.805
251.7	4.6	-0.91	
252	4.86	-1.14	
252.4	4.59	-0.93	0.863
252.8	4.72	-0.9	0.782
253.1	4.44	-0.93	0.929
253.5	4.7	-1.08	0.812
253.9	4.68	-1.12	0.854
254.3	4.46	-0.91	0.901
254.7	4.26	-1.03	
255	3.87	-0.57	
255.6	3.79	-0.51	
255.8	4.76	-1.2	
256.2	4.38	-0.95	
256.5	4.66	-1.16	
257.7	4.69	-1.19	
258.1	4.51	-1.02	1.112
258.4	4.57	-1.03	
259.6	4.84	-1.21	
260	4.8	-1.18	
260.3	4.34	-1.18	
260.7	4.5	-1.12	0.909
261.1	4.72	-1.2	0.965
261.5	4.89	-1.33	
261.9	4.36	-0.87	
262.6	4.89	-1.2	
263.4	4.78	-1.31	
264.7	4.92	-1.3	
265.1	4.82	-1.38	
265.6			1.009
266.4	4.3	-0.99	0.896
268.1	4.76	-1.28	
268.5	4.1	-1.03	
268.9			1.186
269.2			1.141
270	4.5	-0.87	
270.2	4.8	-1.1	
270.8			1.044
271.5	4.06	-1.19	1.131
271.9			0.872
272.1	4.45	-1.16	
272.6			0.961
278	4.19	-0.77	
278.1	4.31	-0.76	
278.7			0.884
279.1	4.23	-1	0.912
279.5	4.31	-0.81	0.851
279.8	4.3	-0.84	0.858
280.4			1.01
280.8	3.98	-0.82	1.039
281.2	3.62	-1.27	0.991
281.7	4.25	-0.88	1.032
282.3	4.03	-0.95	0.95
282.7			1.096
283.3	4.18	-0.77	1.124
283.6	4.02	-0.76	
284.2	4.26	-1.05	1.073
285.1	4.17	-0.52	1.029
285.5	4	-0.44	1.186
286.1	4.04	-0.72	1.045
286.9	4.02	-0.77	1.184
287.2	3.92	-0.76	1.062
287.4	3.87	-0.72	
289.1	4.2	-0.8	1.072
289.3	4.03	-0.84	1.194
290.6	4.15	-1.1	1.258
290.8	4.26	-0.96	1.063
291.2	4.11	-0.93	1.07
292.7	4.28	-1.12	0.983
293.1	4.19	-1	1.17
293.7			0.995
294.4	4.47	-1.08	1.099
294.6			1.012
295	4.48	-1	0.845
296.6	4.11	-0.99	
297.8	4.4	-1.05	0.995
298.3	4.37	-1.03	
299.4	4.42	-1.05	
299.9	4.29	-0.86	0.962
301.1	4.63	-0.58	
301.6	4.15	-0.78	
303.2	4.11	-0.65	0.987
304.9	4.33	-0.91	1.099
306	4.24	-0.77	1.133
306.5	4.01	-0.83	1.03
308.1	4.16	-0.7	1.124
308.6	4.54	-0.78	0.992
309.8	3.98	-0.66	1.088
310.3	4.09	-0.83	1.004
311.1	3.96	-0.85	1.085
311.4	3.86	-0.84	1.153
312.6	3.97	-0.55	1.11
313.1	3.69	-0.91	1.216
314.4	3.81	-0.95	1.019
314.7	3.75	-0.83	1.049
316	4.02	-0.81	1.067
316.4	3.59	-0.94	1.134
317.7	3.85	-1	0.953
318	4.1	-0.77	1.14
319.9			1.088
320.4	3.88	-0.76	0.98
322.8	3.08	-0.25	1.248
323.5			1.11
325.2	3.57	-0.35	
325.9			1.223
327.6	3.39	-0.55	
328.3			1.108
330	3.32	-0.73	1.115
331.7			1.172
332.4	3.57	-0.88	
333.6	3.46	-0.84	1.184
334.6	4.03	-0.91	1.211
334.8	3.54	-0.61	1.038
335.3			1.141
335.5	4.39	-0.95	1.128
336.5	4.89	-1.12	1.115
337.2	4.67	-0.89	1.075
337.4	4.79	-1.17	0.965
338.2			1.015
338.4	4.78	-1.16	1.121
339.1	4.86	-1.22	0.942
339.4	5.23	-1.28	0.991
339.6	3.93	-1.11	1.138
340.3	5.12	-1.11	0.904
341.3	5.14	-1.22	0.973
342	4.77	-1.19	1.08
342.2	5.23	-1.19	0.938
343	5.16	-1.19	1.046
343.3	4.71	-1.07	0.974
343.7	5.09	-1.3	1.05
343.9	4.78	-1.24	1.141
344.5	5.03	-1.33	1.118
345.3	4.93	-1.29	1.065
345.9	4.64	-1.14	1.084
346	4.77	-1.03	
346.8	4.88	-1.31	1.011
347.2			0.986
347.6	4.97	-1.06	1.031
347.8	4.63	-1.08	1.109
348.4	4.78	-1.1	1.081
349.1	4.8	-1.2	1.032
349.7	4.75	-1.1	1.068
349.9	4.75	-1.24	1.045
350.7	4.74	-1.16	1.051
351.1	4.36	-1.09	0.982
351.4	4.64	-1.21	
351.6	4.43	-0.98	
352.2	4.79	-1.36	0.951
353	4.76	-1.31	1.026
353.2	4.18	-0.96	0.946
353.6	4.66	-1.25	1.063
353.8	4.83	-1.35	1.042
354.1	4.73	-1.33	1.113
355.3	4.73	-1.18	
356.7			1.014
357.2	4.7	-0.99	
358.6			0.983
359.2	4.79	-0.83	
360.5			1.071
361.1	4.41	-1.13	
363.2	4.39	-1.09	1.095
365.1	4.24	-0.92	
366.3	3.98	-1.06	0.913
366.9	4.22	-1.01	0.983
368.2	4.04	-1.31	0.866
368.8	4.34	-1.18	1.012
370.7	4.27	-1.18	
370.9	4.38	-1.03	
372.7	4.35	-0.6	
374.6	4.32	-0.93	
376.5	4.22	-0.98	1.107
378.4	4.36	-0.68	0.767
380.4	4.11	-0.77	
381.1			0.923
382.3	3.96	-0.37	0.982
384.2	3.93	-0.87	0.974
384.8	4.24	-0.08	0.961
386.1	3.93	-0.69	0.867
386.7	4.6	0.18	0.925
388.1	4.05	-0.52	1.158
388.8			0.923
389.6	4.34	-0.34	0.925
390	4.19	-0.67	0.974
392	4.07	-0.74	0.905
393.4	4.25	-0.43	1.007
394.7	4.04	-0.67	1.014
396.8	3.65	-0.39	1.066
398.5	3.3	-0.14	0.958
398.8	3.61	-0.51	0.993
400.2	3.52	-0.15	1.058
401.5	3.33	-0.36	1.181
402.2	3.23	-0.1	0.98
403.5	3.4	-0.18	1.121
406.9	3.21	-0.18	1.161
410.3	3.18	-0.27	1.288
412.3	3.31	-0.46	1.112
412.7			1.206
413.7	3.34	-0.42	1.204
415	3.5	-0.45	1.302
415.4			1.209
417.1	3.26	-0.06	
419.1	3.44	-0.47	1.128
419.4			1.169
420.5	3.78	-0.19	1.209
421.8	4.04	-0.29	1.198
422.5			1.21
423.8	3.88	-0.6	
427.2	4.75	-0.78	1.182
430.6	4.79	-0.96	1.015
432.6	5.21	-1.2	0.941
433			0.948
434	5.4	-1.29	
434.7	5.1	-1.43	0.895
435.8	5.24	-1.39	0.945
436.8	5.04	-1.5	0.984
437.5	5.22	-1.1	1.028
438.3	5.18	-1.41	0.921
438.6	5.22	-1.35	1.041
439.3	4.89	-1.11	0.957
440	5.12	-1.35	0.936
440.7	4.81	-1.07	0.87
441.1	5.15	-1.26	1.079
441.4	5	-1.23	0.917
442.2	4.99	-1.27	0.997
442.9	5.03	-1.15	1.037
443.6	5.01	-1.3	1.031
444.3	4.78	-0.99	1.017
444.6	5.01	-1.09	0.954
445	4.8	-1	0.933
445.7	5	-1.02	0.96
446.4	5.04	-1.38	0.971
447.1	4.91	-1.28	0.911
447.8	4.93	-1.27	1.015
448.2	5.01	-1.05	1.007
448.5	4.88	-1.15	1.045
449.2	4.76	-1.17	1.028
450	4.79	-1.11	1.108
450.7	4.89	-0.84	1.058
451.4	4.7	-1.1	1.121
451.7	4.84	-1.01	1.134
452.1	4.71	-1.13	1.171
452.8	4.67	-0.96	0.94
453.5	4.7	-1.32	1.105
454.2	4.7	-1.43	1.158
454.9	4.61	-1.2	1.005
455.6	4.6	-1	1.189
456	4.52	-0.99	1.078
456.3	4.58	-0.93	1.241
457	4.52	-1.06	1.109
457.8	4.66	-0.93	1.151
458.5	4.62	-0.99	1.166
459.2	4.6	-1.2	1.023
459.5	4.62	-1.25	1.023
459.9	4.82	-1.1	1.095
460.6	4.78	-1.06	0.996
461.3	4.83	-1.25	0.928
462	4.65	-0.87	1.01
462.7	4.61	-0.9	1.123
463.1	4.39	-0.61	0.995
463.4	4.49	-1.14	1.06
464.1	4.72	-1.07	0.951
464.8	4.37	-0.7	
465.2	4.62	-1.25	1.137
466.6	4.74	-0.85	1.142
468	4.73	-1.12	0.943
468.4	4.62	-1.07	1.089
468.7	4.53	-1.27	1.028
469.5	4.57	-1.11	0.991
470.2	4.65	-1.25	1.082
470.9	4.65	-1.05	1.136
471.6	4.39	-0.91	1.051
471.9	4.36	-1.02	
472.3	4.48	-1	0.911
473	4.31	-0.85	0.947
473.5	4.52	-0.92	0.966
473.7	4.46	-1.15	0.987
474.4	4.49	-1.1	0.843
475.1	4.66	-1.1	0.877
475.5	4.49	-0.99	0.9
475.8	4.61	-1.14	0.836
476.5	4.54	-1.14	0.836
477.3	4.36	-0.88	0.903
478	4.38	-1.19	0.909
478.7	4.37	-0.99	0.885
479	4.36	-0.76	1.017
479.4	4.35	-0.83	1.019
480.1	4.36	-0.81	0.952
480.8	3.96	-0.53	1.061
481.5	4.17	-0.59	1.016
482.2	4.13	-0.6	1.046
482.6	4.04	-0.45	1.076
483.6	4.32	-0.61	0.885
484.3	4.12	-0.27	1.062
485.1	3.99	-0.39	1.022
485.8	3.93	-0.47	0.978
486.1	3.87	-0.42	1.016
486.5	3.91	-0.42	1.037
487.2	4	-0.5	1.093
487.9	3.91	-0.49	0.91
488.6	3.9	-0.36	1.095
489.3	3.69	-0.26	1.042
489.7	4.15	-0.49	1.042
490	3.6	0.03	1.046
490.7	3.96	-0.47	0.977
491.4	3.73	-0.2	
491.8	3.81	-0.31	0.917
492.5	3.93	-0.58	1.067
492.7	3.55	-0.18	0.998
493.2	3.82	-0.32	1.017
493.9	3.71	-0.28	1.019
494.6	3.84	-0.33	1.103
494.8	3.46	-0.23	1.015
495.3	4.01	-0.47	1.053
496	3.76	-0.16	1.07
496.6	4.55	-1.07	1.017
496.8	3.54	-0.1	0.981
497.5	3.39	0.06	1.061
498.2	3.37	0.07	1.006
498.5	4.03	-0.78	1.1
498.9	4	-0.22	1.03
499.6	3.67	-0.2	1.106
500.3	3.95	-0.05	1.197
501	3.81	-0.35	1.095
501.7	3.74	-0.2	0.983
502.1	3.85	-0.14	
502.4	4.08	-0.46	0.992
503.1	4.13	-0.53	1.003
503.5	3.9	-0.23	1.03
503.8	4.05	-0.29	1.015
504.2	4	-0.07	1.196
504.6	3.99	-0.34	1.031
504.9	3.99	-0.38	1.114
505.3	3.92	-0.29	1.052
505.6	3.66	-0.13	1.039
505.6	3.94	-0.38	
506	3.67	-0.13	0.929
506.3	4.07	-0.28	1.007
506.7	4.35	-0.27	1.034
507	3.98	-0.37	1.027
507.4	4.32	-0.5	1
507.7	3.98	-0.41	1.059
509.2	4.26	-0.34	
509.9	4.36	-0.14	1.086
510.6	4.26	-0.22	1.12
510.9	4.23	-0.16	1.113
511.3	4.29	-0.33	0.965
512	4.35	-0.2	1.056
513.1	4.3	-0.45	1.055
514.2	4.26	-0.4	1.063
515.3	4.29	-0.45	1.083
515.8	4.23	-0.06	1.168
516.4	3.99	-0.25	1.071
517.5	4.14	-0.24	1.04
518.6	4.19	-0.43	1.126
520.8	4.05	-0.39	1.063
521.3	3.82	-0.33	1.192
521.9	4.04	-0.27	1.184
524.1	4.16	-0.51	
526	4.17	-0.47	1.141
526.8	4.12	-0.54	1.069
527.9	4.24	-0.61	1.03
529	4.25	-0.48	1.022
529.6	4.19	-0.51	1.204
530.1	4.28	-0.76	0.984
531.2	4.27	-0.88	1.121
532.3	4.27	-0.87	1.048
533.4	4.36	-0.9	0.948
534.5	4.51	-0.93	1.017
535.1	4.47	-0.75	1.011
535.6	4.61	-0.98	0.967
536.7	4.6	-0.9	0.936
537.8	4.66	-0.99	1.043
538.9	4.41	-1.34	0.894
540	4.82	-1	1.11
540.5	4.59	-0.68	1.04
541.1	4.62	-1.05	0.899
542.2	4.7	-0.91	0.91
543.2	4.7	-0.9	0.984
544.3	4.57	-1.07	0.951
545.4	4.68	-1.08	0.956
545.9	4.42	-0.91	0.841
546.5	4.63	-1.06	0.96
547.6	4.65	-1.03	0.92
548.6	4.55	-1.22	0.939
549.7	4.74	-1.02	0.991
550.8	4.59	-1.19	0.985
551.3	4.53	-0.9	0.924
551.9	4.54	-1.05	1.018
553	4.59	-1.1	0.969
554	4.61	-1.06	1.062
555.1	4.58	-1.09	0.962
556.2	4.43	-1.04	1.01
556.7	4.5	-0.9	0.974
557.3	4.36	-0.98	0.97
558.4	4.38	-0.85	0.949
558.9	4.44	-0.64	0.948
559.4	4.43	-0.91	0.937
560.5	4.25	-0.86	0.98
561.6	4.25	-0.9	1.005
562.7	4.25	-0.82	1.065
563.2	4.35	-0.72	0.982
567.5	3.93	-0.71	0.997
568.6	4.04	-0.79	1.02
569.7	4.05	-0.65	1.013
570.8	3.96	-0.68	1.066
571.9	3.86	-0.55	1.016
572.9	3.84	-0.6	0.919
573.2	3.71	-0.21	
574	3.69	-0.46	1.077
575.1	3.83	-0.52	1.032
575.6	3.69	-0.4	
576.2	3.61	-0.6	1.13
577.3	3.58	-0.46	1.078
578.3	3.68	-0.58	1.047
579.4	4	-0.87	1.033
580.5	4	-0.7	1.155
581.3	3.9	-0.53	1.06
581.6	3.96	-0.81	1.155
582.7	4.39	-0.89	1.052
583.7	4.38	-0.89	0.966
584	4.44	-0.74	1.073
584.7	4.34	-0.98	1.18
585.7	4.4	-0.9	1.044
586.4	4.34	-0.82	0.999
586.6	4.31	-0.99	0.983
587.6	4.47	-0.92	0.957
588.5	4.47	-0.88	1.01
588.8	4.28	-0.8	0.967
589.5	4.18	-0.94	1.029
590.4	4.12	-0.88	1.074
591.2	3.82	-0.7	1.235
591.4	4.02	-0.71	1.015
592.4	4.13	-0.71	1.124
593.3	4.17	-0.69	1.112
593.6	4.06	-0.7	1.076
594.3	4.2	-0.73	1.063
595.2	4.18	-0.8	1.092
595.9	3.92	-0.68	1.044
596.2	4.16	-0.69	1.02
597.1	4.27	-0.7	1.122
598.1	4.11	-0.61	1.043
598.3	4.07	-0.6	1.091
599	4.08	-0.51	1.14
600	4.34	-0.51	1.213
601.2	4.14	-0.53	1.196
601.6	3.99	-0.67	1.19
603.2	4.15	-0.5	1.125
604.9	4.18	-0.61	1.149
605.3	3.74	-0.41	1.031
606.5	4.14	-0.58	1.004
608.1	3.92	-0.73	1.017
608.9	4.01	-0.45	1.131
610.5	3.74	-0.57	1.111
612.2	3.75	-0.57	1.147
612.6	3.69	-0.43	1.107
613.8	3.78	-0.55	1.208
615.4	3.91	-0.65	1.028
616.6	3.7	-0.54	
617	3.56	-0.6	
618.6	4.26	-0.69	1.08
620.3	4.25	-0.79	
620.7	4	-0.74	1.269
621.9	4.49	-0.88	1.097
623.5	4.56	-0.86	
623.5	4.95	-1.12	1.052
624.7	4.4	-1.07	
625.1	4.96	-1	0.932
626.8	4.85	-1.13	0.969
628.4	5.1	-1.18	0.898
628.8	4.62	-1.27	0.913
630	5.14	-1.18	0.841
631.2	4.94	-1.26	0.913
632	4.68	-1.34	
632.3	4.9	-1.21	0.921
633.5	4.91	-1.1	0.946
634.6	4.93	-1.3	0.892
634.9	4.76	-1.26	1.085
635.8	5.14	-1.19	1.107
636.9	5.1	-1.26	0.972
637.8	4.71	-1.28	
638.1	4.82	-1.18	1.034
638.6	5.06	-1.17	1.058
639.8			1.025
640.6	4.61	-1.17	0.987
640.9	5.01	-1.17	1.138
642.1	4.94	-1.27	1.01
643.2	4.99	-1.26	0.991
643.5	4.73	-1.34	0.975
644.4	4.65	-0.85	0.952
645.5	4.92	-1.09	
646.4	4.7	-1.26	0.992
646.7	4.84	-1.23	1.121
647.8	4.92	-1.06	1.125
649	4.79	-1.3	0.996
649.3	4.49	-1.24	0.923
650.1	4.72	-1.15	1.088
651.3	4.81	-1.17	0.94
651.9	4.77	-1.15	1.016
652.4	4.95	-1.2	1.015
653.6	4.9	-1.25	0.915
654.7	4.77	-1.18	0.875
655	4.4	-1.19	
655.9	4.76	-1.23	1.068
657	4.82	-1.28	1.016
657.9	4.43	-1.26	1.233
658.2	4.78	-1.44	0.899
659.3	4.81	-1.45	0.792
660.5	4.54	-1.51	0.984
660.8	4.41	-1.32	
661.6	4.67	-1.38	0.99
662.8	4.5	-1.26	1.001
663.6	4.54	-1.4	1.151
663.9	4.75	-1.31	0.936
665.1	4.54	-1.28	0.922
666.2	4.67	-1.26	
666.5	4.47	-1.29	
667.4	4.58	-1.46	
668.5	4.54	-1.25	
669.4	4.28	-1.4	
669.7	4.51	-0.84	
670.8	4.22	-0.97	
672	4.53	-1.29	
672.3	4.49	-1.26	
673.1	4.89	-1.06	0.96
674.3	4.58	-1.23	
675.2	4.15	-1.03	
675.4	4.49	-1.15	1.016
676.6	4.38	-1.14	
677.7	4.5	-1.1	
678	4.36	-1.04	
678.9	4.3	-0.77	
680	4.43	-0.92	0.986
680.6	4.15	-0.87	
681.8	4.2	-0.86	0.962
682.9	4.33		0.916
683.8	4.06	-1.15	
684.1	4.08	-1.12	
685.2	4.14	-1.02	0.966
686.4	4.24	-1.08	0.863
686.7	3.84	-0.97	0.927
687.5	4.15	-1.01	0.912
688.7	4.05	-1.14	0.909
689.5	3.84	-0.81	0.978
689.8	4.19	-1.16	0.91
691	4.25	-0.71	0.944
692.1	4.11	-0.51	0.981
692.4	3.74	-0.73	0.922
693.3	3.88	-0.62	0.966
694.4	3.98	-0.64	0.979
695.3	3.58	-0.55	0.983
695.6	3.61	-0.38	1.113
696.7	3.7	-0.54	0.963
697.9	3.71	-0.43	1.037
698.2	3.5	-0.43	1.045
699	3.65	-0.62	1.115
700.2	3.66	-0.57	1.016
701	3.49	-0.27	0.941
701.3	3.83	-0.58	1.135
702.5	3.65	-0.48	1.085
703.6	3.98	-0.53	1.066
704.2	3.71	-0.42	1.081
704.8	3.86	-0.66	1.128
705.9	3.97	-0.51	1.01
706.8	4.25	-0.72	1.176
707.1	3.86	-0.57	1.094
708.2	4.08	-0.66	1.127
709.4	4.23	-0.68	1.102
709.7	3.96	-0.83	0.964
710.5	4.4	-1.03	1.092
711.7	4.46	-1.15	1.244
712.5	4.57	-0.84	0.948
712.8	4.63	-1.09	0.88
714	4.77	-1.17	0.895
715.1	4.85	-1.36	0.928
715.4	4.82	-1.18	0.834
716.3	4.82	-1.42	0.974
717.4	4.8	-1.51	0.898
718	4.9	-1.38	0.838
718.6	4.81	-1.36	1.09
719.2	5.01	-1.42	1.024
719.8	4.98	-1.49	0.864
720.5	4.89	-1.47	0.918
721.4	4.71	-1.33	0.963
721.7	4.86	-1.4	0.916
722.9	5.02	-1.39	0.868
724.2	4.91	-1.44	0.892
724.5	4.62	-1.5	0.881
725.4	4.88	-1.3	1.041
726.6	4.59	-1.28	0.972
727.5	4.35	-0.84	0.933
727.8	4.29	-1.07	0.85
729.1	4.35	-0.88	1.003
730.3	4.23	-0.72	1.097
730.6	4.27	-0.57	1.191
731.5	4.46	-0.72	1.247
732.8	4.37	-0.89	1.098
733.7	4.07	-0.65	1.088
734	4.16	-0.97	1.004
735.2	4.38	-0.94	1.026
736.5	4.31	-0.96	0.955
736.8	4.05	-0.71	1.126
737.7	4.28	-1	0.935
738.9	4.42	-0.92	0.903
739.8	4.17	-0.86	0.973
740.2	4.49	-0.93	0.981
741.4	4.38	-1.02	0.946
742.6	4.54	-1.16	0.939
742.9	4.58	-1.36	
743.8	4.69	-1.26	0.893
745.1	4.79	-1.31	0.894
746	4.72	-1.4	0.923
746.3	4.67	-1.45	0.863
747.3	4.92	-1.4	0.986
748.3	4.95	-1.44	0.948
748.5	4.71	-1.33	0.775
749.3	4.67	-1.47	1.126
750.3	5.03	-1.38	0.907
751	4.68	-1.38	0.782
751.3	4.84	-1.4	0.885
752.3	4.79	-1.39	0.88
756.8	4.6	-1.45	1
757.8	4.52	-1.32	1.043
758.5	4.73	-1.14	1.014
758.8	4.53	-1.35	0.936
759.8	4.62	-1.3	0.937
760.8	4.4	-1.36	0.925
761	4.52	-1.23	0.964
761.8	4.51	-1.32	0.974
762.8	4.07	-1.15	0.951
763.5	4.29	-1.22	
763.8	4.12	-1.11	0.897
764.8	4.35	-1.03	0.925
765.8	4.43	-1.17	0.966
766	4.18	-1.05	0.893
766.8	4.21	-0.94	1.016
767.8	4.07	-0.89	0.984
768.5	4.02	-0.64	1.091
768.8	4.03	-1.06	0.923
769.8	4.26	-1	0.966
770.8	4.2	-0.92	0.951
771	4.04	-0.81	0.932
771.8	4.05	-0.84	0.98
772.8	3.87	-0.68	0.964
773.5	3.91	-0.8	0.945
773.8	3.96	-0.73	0.933
774.8	4.01	-0.9	1.044
775.8	3.72	-0.69	1.007
776	3.64	-0.67	0.96
776.8	4.06	-0.7	1.015
777.8	3.8	-0.69	1.042
778.5	3.67	-0.54	
778.8	3.76	-0.69	1.132
779.8	3.61	-0.66	1.132
780.8	3.53	-0.65	1.16
781	3.55	-0.41	1.069
781.8	3.68	-0.69	1.249
782.8	3.93	-0.75	1.139
783.5	3.5	-0.47	
783.8	3.57	-0.68	1.161
784.8	3.55	-0.78	1.161
785.8	3.69	-0.77	1.226
786	3.71	-0.76	1.051
786.8	3.87	-0.82	1.129
787.8	3.95	-0.77	1.111
788.5	4.19	-0.74	
788.8	4.44	-0.78	
789.8	4.43	-0.94	1.123
790.8	4.46	-1.17	1.263
791	4.69	-0.9	
791.8	4.65	-1.14	1.011
792.8	4.81	-1.24	0.993
793.5	4.74	-1.05	
793.8	4.89	-1.28	0.965
794.3	4.96	-1.6	0.927
795.3	4.97	-1.48	1.187
796	4.81	-1.12	1.136
796.2	5.05	-1.47	1.074
797.1	4.89	-1.49	0.948
798	4.67	-1.37	1.004
798.3	4.68	-1.42	1.245
798.9	4.92	-1.43	0.975
799.8	4.89	-1.4	0.873
800.5	4.64	-1.29	0.945
801.6	4.66	-1.24	0.923
802.5	4.7	-1.19	0.896
802.8	4.67	-1.2	0.922
803.4	4.69	-1.28	0.869
804.3	4.73	-1.13	0.881
805	4.6	-1.18	0.903
805.2	4.63	-1.19	0.894
806.1	4.53	-1.23	0.93
807	4.59	-1.31	0.903
807.3	4.68	-1.09	0.816
807.9	4.44	-1.21	0.922
808.8	4.69	-1.2	0.953
809.5	4.54	-1.21	0.872
809.7	4.59	-1.18	0.905
810.6	4.49	-1.21	0.966
811.5	4.58	-1.07	0.956
811.8	4.39	-1.14	0.927
812.4	4.42	-1.31	0.876
813.3	4.44	-1.15	0.971
814	4.62	-1.15	0.939
814.2	4.41	-1.24	0.934
815.1	4.35	-1.17	0.866
816	4.33	-1.19	0.934
816.3	4.06	-1.1	0.851
816.9	4.25	-1.38	0.86
817.8	4.36	-1.18	1.01
818.5	4.29	-1.04	0.982
818.7	4.28	-1.25	0.924
819.6	4.42	-1.22	0.985
820.5	4.29	-1.2	1.03
820.8	4.24	-1.12	
821.4	4.23	-0.96	0.981
822.3	4.03	-0.92	0.904
823	4.18	-1.1	1.042
823.2	4.17	-1.05	0.954
824.1	4.1	-1.07	0.941
825	4.07	-0.84	0.985
825.3	4.05	-0.75	0.967
825.9	4.12	-0.93	1.051
826.8	4	-0.99	1.068
827.5	3.88	-0.98	0.967
827.7	4.08	-1.1	0.908
828.2	4.07	-1.15	0.862
829.1	4.19	-1.04	0.918
829.8	4.05	-0.95	0.87
830	4.3	-1.19	0.899
830.9	4.24	-1.26	0.811
831.8	4.4	-1.16	0.892
832	4.22	-0.92	0.893
833.1	4.3	-1.16	0.825
834.6	4.09	-1.12	1.044
835.7	3.92	-0.8	0.899
836	4.07	-1.02	0.968
837.5	3.97	-1.11	0.969
839	3.89	-1.1	0.941
839.3	4.06	-1.06	
840.4	4.1	-1.17	0.901
841.9	4.01	-1.03	0.981
843.4	3.66	-0.99	1.025
844.8	4.13	-1	0.981
846.3	3.89	-0.96	1.045
846.7	3.64	-0.77	
847.8	3.73	-0.93	0.964
849.2	3.93	-0.97	0.975
850.7	3.62	-0.9	1.06
852.2	3.75	-0.97	1.004
853.6	3.73	-1.04	1.039
854	3.42	-0.92	
855.1	3.91	-1.13	1.114
856.5	3.97	-1.14	1.029
856.9	3.97	-0.96	
858	4.14	-1.06	1.029
858.7	3.72	-1.1	
859.5	3.99	-1.17	1.002
860.6	3.61	-0.9	
860.9	3.98	-1.01	1.078
861.3	3.5	-0.85	
862.4	3.93	-0.92	1.064
863.9	4	-0.73	1.094
864.2	3.95	-0.79	
865.3	3.85	-0.97	1.149
866.1	4.11	-1.12	
866.8	4.1	-1.02	1.084
867.9	4.08	-0.99	
868.3	4.1	-1.05	0.978
869.7	4.58	-1.39	1.03
870.8	4.71	-1.36	0.933
871.6	4.71	-1.56	
872.7	5.03	-1.47	0.992
873.4	4.91	-1.5	
874.1	4.76	-1.62	1.083
875.2	4.95	-1.54	
875.6	5.04	-1.69	0.956
877.1	5	-1.62	0.896
878.5	4.9	-1.57	1.009
878.9	4.9	-1.61	
880	5.01	-1.49	0.946
880.5	5.11	-1.43	0.94
881.5	5	-1.5	1.013
881.7	4.94	-1.35	
882.4	4.99	-1.46	1.065
882.9	4.76	-1.49	
883.4	4.78	-1.47	1.087
884.1	4.87	-1.4	
884.4	4.8	-1.47	1.033
885.4	4.75	-1.35	0.983
886.3	4.8	-1.28	1.125
886.6	4.79	-1.1	
887.3	4.75	-1.43	1.042
887.8	4.92	-1.43	
888.3	4.92	-1.23	1.049
889	4.96	-1.32	
889.3	4.69	-1.37	1.158
890.2	4.8	-1.33	1.045
891.2	4.76	-1.37	1.1
891.5	4.86	-1.21	
892.2	4.74	-1.35	1.019
892.7	4.88	-1.18	
893.2	4.78	-1.36	0.898
893.9	4.7	-1.38	
894.1	4.77	-1.43	0.954
895.1	4.65	-1.4	1
896.1	4.77	-1.49	1.023
896.3	4.83	-1.24	
897.1	4.7	-1.46	0.903
897.6	4.63	-1.45	
898.8	4.72	-1.56	
899	4.94	-1.45	0.959
900	4.62	-1.52	0.938
901	4.8	-1.44	0.973
901.2	3.98	-1.65	
902	4.7	-1.44	0.995
902.4	4.56	-1.23	
902.9	4.8	-1.23	0.962
903.7	4.37	-0.95	
903.9	4.33	-0.9	1.041
904.9	4.6	-1.08	1.067
905.9	4.37	-1.2	0.984
906.1	4.25	-1.2	
906.8	4.38	-1.22	1.099
907.3	4.37	-1.13	
907.8	4.69	-1.02	0.964
908.5	4.22	-1.08	
908.8	4.32	-1.14	1.083
909.8	4.48	-1.27	1.024
910.7	4.4	-1.1	0.963
911	4.19	-0.97	
911.7	4.58	-1.12	1.031
912.2	4.4	-1.23	
912.7	4.21	-1.17	1.019
913.4	4.27	-1.16	
913.7	4.52	-1.34	0.996
914.6	4.72	-1.39	0.937
915.6	4.68	-1.25	1.063
915.9	4.34	-1.37	
916.6	4.63	-1.49	1.131
917.1	4.59	-1.33	1.039
918.3	4.4	-1.18	
919	4.71	-1.47	0.915
919.5	4.68	-1.52	
920	4.75	-1.45	0.964
920.8	4.61	-1.48	
921.1	4.61	-1.38	1.104
922.2	4.69	-1.25	1.004
923.3	4.45	-1.36	0.907
923.6	4.55	-1.48	
924.4	4.82	-1.44	0.914
925	4.28	-1.25	
925.5	4.72	-1.44	0.92
926.3	4.52	-1.36	
926.6	4.48	-1.27	0.899
927.7	4.51	-1.38	0.943
930.5	4.09	-1.29	0.929
931.8	4.23	-1.25	0.987
933.2	4.16	-1.13	0.916
934.6	3.91	-0.82	0.996
936	4.12	-0.87	0.946
937.3	4	-0.96	0.942
938.7	4.03	-0.85	
940.4	4.08	-0.67	
941.5	3.94	-0.62	
942	3.98	-0.88	
942.3	3.98	-0.99	0.924
944.8	3.99	-0.89	0.975
947.5	3.65	-0.82	1.007
950.3	3.62	-0.56	1.011
952.2	3.54	-0.66	1.113
952.7	3.41	-0.55	
953	3.55	-0.44	1.054
954.1	3.47	-0.79	1.08
955.2	3.44	-0.48	
955.5	3.61	-0.74	1.144
957.7	3.79	-1.03	1.069
958.2	3.34	-0.97	
958.8	3.7	-0.92	1.09
959.9	4.07	-1.01	1.176
961	4.38	-1.23	1.066
961	3.86	-1.07	0.946
961.3	4.22	-1.06	
962.1	4.39	-1.22	0.977
963.2	4.62	-1.32	0.855
964	4.33	-1.28	
964.3	4.77	-1.46	0.997
965.4	4.64	-1.31	0.877
966.5	4.65	-1.49	0.874
966.8	4.38	-1.42	
967.6	4.69	-1.4	0.941
968.7	4.49	-1.31	0.953
969.2	4.43	-1.36	
969.8	4.51	-1.33	0.915
970.9	4.44	-1.18	0.878
972	4.3	-1.02	0.905
972.3	4.34	-1.21	0.949
975	3.74	-1.15	1.123
977.8	3.91	-0.76	1.064
980.5	3.83	-0.77	0.998
983	4.26	-0.91	0.969
986	4.22	-1.73	0.846
988.2	4.08	-1.4	1.024
990.5	4.12	-0.89	0.862
992.5	4	-0.67	0.981
994.5	3.97	-0.63	1.001
995.2	3.97	-0.67	1.083
996.1	3.98	-0.75	1.038
996.7	3.94	-0.5	
997	3.98	-0.69	1.087
997.8	3.8	-0.67	1.068
998.7	4.07	-0.56	1.079
999.2	3.81	-0.68	
999.6	4.1	-0.59	1.076
1000.5	4.01	-0.73	1.095
1001.4	4.08	-0.93	1.023
1001.6	4.09	-0.82	
1002.3	4.27	-0.97	1.011
1003.2	4.29	-0.99	1.022
1003.9	4.46	-1.01	
1004.1	4.31	-1.22	0.943
1005	4.3	-0.94	0.942
1005	4.76	-1.12	0.878
1005.7	4.42	-1.07	1.007
1006.5	4.41	-1.03	1.091
1006.7	4.4	-0.88	
1007.2	4.6	-0.96	0.97
1008	4.31	-0.86	1.04
1008.5	4.35	-1	
1008.7	4.46	-0.92	0.987
1008.7	4.46	-1.2	1.009
1009.4	4.47	-0.82	1.023
1009.6	4.32	-0.64	
1010.2	4.42	-1.04	0.953
1010.9	4.33	-0.8	0.973
1011.5	4.2	-0.7	
1011.7	4.3	-0.84	1.029
1011.7	4.28	-0.93	0.951
1012.4	4.46	-0.83	0.996
1013.1	4.32	-0.71	0.986
1013.3	4.26	-0.87	
1013.9	4.24	-0.81	1.053
1013.9	4.38	-0.92	0.989
1014.6	3.91	-0.78	1.068
1015	3.5	-0.61	
1015.3	4.01	-0.72	1.009
1016.1	4.01	-0.68	1.124
1016.8	4.23	-0.72	0.987
1017	3.99	-0.63	
1017.6	4.35	-0.92	1.035
1018.3	4.02	-0.84	0.994
1018.9	3.92	-0.67	
1019	4.13	-0.78	1.042
1019	3.9	-0.69	0.987
1019.8	3.86	-0.83	1.099
1020.5	4.05	-0.6	1.038
1020.7	3.86	-0.39	
1021.3	3.95	-0.66	1.02
1022	3.79	-0.73	0.944
1022.8	3.66	-0.49	
1023.6	3.8	-0.58	1.034
1025.2	4	-0.85	0.999
1026.4	3.81	-0.67	
1026.8	3.83	-0.94	1.12
1026.8	3.9	-0.77	1.014
1028.4	4.07	-0.84	0.966
1028.4		-1.21	1.064
1030	4.17	-0.9	1.041
1030	3.82	-0.84	1.086
1030.4	4.22	-0.64	
1031.6	4.02	-0.89	0.952
1033.2	4.44	-1.02	0.925
1034.8	4.43	-0.95	1.004
1036.4	4.55	-1.04	0.926
1038	4.54	-1.05	0.941
1038.6	4.4	-0.98	
1039.1	4.21	-0.93	0.912
1040.3	4.35	-0.92	0.953
1041.4	4.46	-1.09	0.984
1041.7	4.37	-0.99	
1042.5	4.44	-0.97	0.951
1043.7	4.53	-1.12	0.873
1043.9	4.28	-1.19	
1044.8	4.3	-1.06	0.994
1045.9	4.46	-1.08	0.855
1047.1	4.36	-1.21	0.929
1047.3	4.2	-1.26	
1048.2	4.36	-1.1	0.997
1049.3	4.41	-1.14	0.886
1050.2	4.27	-1.2	
1050.5	4.3	-1.08	0.961
1051.6	4.37	-1.24	0.985
1052.4	4.19	-1.19	
1052.7	4.43	-1.07	0.88
1053.8	4.22	-1.17	0.998
1053.8	4.19	-0.9	0.969
1055	4.17	-1.04	0.96
1055.8	4.14	-1.02	
1056.1	4.19	-0.96	0.968
1056.1	4.06	-0.64	0.995
1057.2	4.27	-1	0.992
1058.4	4.08	-1.07	0.931
1058.4			0.876
1058.4	4.18	-1.16	
1059.5	4.21	-1.31	0.869
1060.6	4.48	-1.25	0.911
1061.5	4.23	-1.23	
1061.8	4.18	-1.25	1.058
1061.8	4.13	-1.02	0.949
1062.9	3.92	-1.11	0.859
1064	3.91	-1.25	1.043
1064.3	3.6	-0.51	
1065.2	4.16	-1.07	0.979
1066.3	4.02	-1.07	0.989
1067.2	3.72	-0.6	
1067.4	4.02	-1.04	0.923
1067.4	3.81	-0.81	1.02
1068	3.6	-0.69	1.028
1068.6	3.77	-0.72	1.029
1068.6	3.67	-0.81	1.056
1069.7	3.41	-0.64	1.076
1069.7	3.56	-0.46	1.061
1070	3.36	-0.4	
1070.8	3.58	-0.54	1.098
1072	3.37	-0.6	1.174
1072.5	3.37	-0.56	
1073.1	3.29	-0.62	1.18
1074.2	3.34	-0.68	1.188
1075.6	3.58	-0.33	
1076.5	3.34	-0.55	1.225
1077.6	3.4	-0.62	1.194
1078.5	3.45	-0.78	
1078.8	3.1	-0.72	1.078
1078.8	3.28	-0.62	1.187
1079.9	3.37	-0.37	1.179
1081	3.3	-0.67	1.136
1081.3	3.32	-0.21	
1082.2	3.43	-0.42	1.163
1082.2	3.4	-0.51	1.211
1083.3	3.57	-0.55	1.245
1084.1	3.46	-0.35	
1084.4	3.69	-0.51	1.125
1084.4	3.62	-0.49	1.208
1085.5	3.75	-0.48	1.134
1086.7			1.143
1087	4.05	-0.54	
1087.8	3.93	-0.37	1.248
1088.9	4.24	-0.81	1.088
1089.8	3.88	-0.63	
1090.1	4.22	-0.69	1.168
1091.2	4.39	-0.74	1.225
1092.3	4.29	-0.81	1.056
1092.6	4.16	-0.64	
1093.5	4.26	-0.98	0.993
1094.6	4.35	-1.12	1.003
1094.6	4.41	-1.12	1.109
1094.9	3.82	-0.89	
1095.7	4.31	-1.08	1.084
1095.7	4.04	-1.12	0.99
1096.9	4.53	-1.29	1.014
1098	4.63	-1.45	0.936
1098.3	4.24	-1.16	
1099	4.49	-0.71	0.884
1100	4.06	-1.34	0.888
1100.8	4.12	-1.19	
1101	4.19	-1.14	0.935
1102	4.37	-1.12	0.93
1103	4.26	-1.2	0.979
1103.3	4.02	-0.73	
1104	4.03	-0.69	1.107
1104	4.01	-0.61	1.024
1105	4.07	-0.54	1.01
1105.8	3.89	-0.62	
1106	3.88	-0.54	1.105
1107	3.94	-0.51	0.981
1108	3.73	-0.63	1.086
1108.6	3.91	-0.59	
1112.8	3.94	-0.66	1.139
1114.6	4.24	-0.9	
1115.2	4	-0.93	1.062
1117.6	4.33	-0.98	1.066
1120	4.4	-0.92	0.965
1120.6	4.4	-0.77	
1122.4	4.59	-0.96	1.01
1122.4	4.27	-0.96	1.004
1124.8	4.34	-1.26	1.05
1126	4.59	-1.31	
1130.2	4.36	-1.34	0.919
1131.2	4.65	-1.44	0.947
1131.7	4.35	-1.17	
1132.3	4.37	-1.32	0.922
1133.3	4.22	-1.19	0.982
1134.1	4.4	-1.09	
1134.3	4.46	-1.44	1.017
1135.4	4.69	-1.39	0.918
1136.4		-0.85	0.924
1136.7	4.34	-1.13	
1137.5	4.19	-1.15	0.946
1138.5	4.47	-0.95	1.011
1139.3	4.25	-1.07	
1139.5	4.12	-0.93	0.937
1140.6	4.32	-1.09	1.014
1141.6	4.25	-0.84	0.952
1142.7	4.4	-1.13	1.006
1143.7	4.16	-1	0.968
1144.8		-0.8	1.031
1145.8	4.11	-0.95	1.041
1146.8	3.91	-0.69	1.134
1147.9	3.87	-0.6	1.137
1148.9	4.1	-0.66	1.144
1150	3.85	-0.56	1.09
1151	3.87	-0.51	1.074
1152.1	3.79	-0.56	1.084
1153.1	3.91	-0.39	1.144
1154.1	4.11	-0.41	1.08
1155.2	4.13	-0.43	1.048
1156.2	3.9	-0.39	1.151
1157.3	4.04	-0.78	1.108
1158.3	4.09	-0.75	1.14
1159.4	3.78	-0.78	1.029
1160.4	3.81	-0.9	1.064
1161.4	3.78	-0.74	1.059
1162.5	3.92	-0.84	1.102
1163.5	4.47	-0.99	0.942
1164.6	4.05	-0.77	1.016
1165.6	3.82	-0.64	1.057
1165.6	3.8	-0.48	
1166.6	3.68	-0.31	1.096
1167.7	3.65	-0.37	1.083
1168.7	3.76	-0.22	1.147
1169.8	3.57	-0.3	1.156
1170.8	3.66	-0.56	1.138
1171.9	4.11	-0.71	1.112
1172.9	4.29	-1.04	0.969
1173.2	4.08	-1.09	
1173.4	4.4	-1	0.968
1173.9	4.11	-0.8	1.135
1174.5	4.12	-0.78	0.909
1175	3.76	-0.75	1.041
1175.8	4.19	-0.01	
1176	3.73	-0.66	1.074
1177.1	3.81	-0.62	1.027
1177.9	3.56	-0.56	
1178.1	3.82	-0.57	0.953
1180.5	3.69	-0.54	1.089
1183.1	3.68	-0.22	1.053
1184.4	3.68	-0.66	1.12
1188.1	3.88	-0.86	1.04
1190	4.18	-0.92	1.001
1191.8	4.44	-1.19	1.031
1193.7	4.4	-1.23	0.932
1195.6	4.47	-1.35	0.972
1197.5	4.51	-1.21	0.882
1199.4	4.51	-1.24	0.842
1201.3	4.52	-1.26	0.908
1203.1	4.43	-1.15	0.861
1205	4.44	-1.1	0.884
1206.9	4.45	-0.91	0.986
1208.8	4.21	-0.89	0.997
1210.7	4.18	-0.88	1.029
1212.6	4.24	-0.89	0.879
1214.4	4.13	-0.92	0.9
1216.3	4.15	-0.83	0.82
1218.2	4.05	-0.57	0.91
1220.1	3.91	-0.61	0.925
1222	3.79	-0.4	0.898
1223.9	3.54	-0.31	1.019
1225.8	3.67	-0.28	0.928
1227.6	3.63	-0.32	1.035
1229.5	3.67	-0.44	0.992
1231.4	3.7	-0.42	1.237
1233.3	3.56	-0.44	1.069
1235.2	3.49	-0.31	1.252
1237.1	3.65	-0.62	1.033
1238.9	3.54	-0.58	1.272
1240.8	3.87	-1.05	0.976
1242.7	3.88	-0.74	1.036
1244.5	4.48	-1.03	1.021
1246.1	4.81	-1.32	1.015
1247.8	4.53	-1.19	0.94
1249.4	4.58	-1.33	1.095
1251	4.58	-1.18	0.872
1252.7	4.72	-1.28	0.836
1254.3	4.58	-1.17	0.956
1255.9	4.53	-1.13	0.846
1257.6	4.36	-1.08	0.979
1259.2	4.17	-0.94	0.912
1260.7	4.18	-1.01	0.939
1262.1	4.34	-1.04	0.894
1263.6	4.29	-0.89	0.778
1265	4.3	-0.98	0.996
1266.5	4.27	-0.94	0.866
1267.9	4.21	-1.08	0.833
1269.3	4.19	-1.16	0.839
1270.8	4.16	-0.83	1.031
1272.2	4.11	-0.87	0.892
1273.7	4.01	-0.79	0.946
1275.1	4.09	-0.63	0.902
1276.6	3.95	-0.52	0.99
1278	4.05	-0.69	0.869
1279.5	3.84	-0.59	0.947
1280.9	3.93	-0.46	1.034
1282.4	3.82	-0.61	1.004
1283.8	4.06	-0.73	0.964
1285.2	4.05	-0.86	1.032
1287.1	4.46	-0.76	1.092
1289.1	4.44	-1.03	0.976
1291	4.48	-1.15	0.924
1293	4.58	-1.21	0.906
1294.9	4.4	-1.07	0.982
1296.9	4.45	-1.18	0.916
1296.9	4.3	-1.25	0.962
1298.8	4.34	-1.12	0.797
1300.8	4.35	-1.13	0.815
1302.7	4.26	-1.09	0.875
1304.7	4.07	-0.76	0.904
1307.1	3.97	-0.79	0.867
1309.6	3.95	-0.69	1.067
1312	3.86	-0.56	0.912
1314.5	3.88	-0.64	0.979
1317	3.73	-0.58	0.998
1319.3	4.03	-0.74	0.939
1321.2	4.03	-0.86	0.919
1323.1	4.18	-0.94	0.948
1325	4.33	-1.19	0.903
1326.9	4.32	-1.28	0.936
1328.8	4.38	-1.34	0.769
1330.7	4.34	-1.37	0.743
1332.6	4.3	-1.37	0.812
1334.5	4.39	-1.44	0.908
1336.4	4.37	-1.29	0.864
1338.3	4.25	-1.34	0.733
1340.2	4.25	-0.47	0.82
1342.2	4.3	-1.18	0.866
1344.1	4.12	-1.01	1.038
1346	4.28	-1.08	0.984
1347.9	3.89	-0.55	0.991
1350	3.8	-0.33	0.996
1352.1			1.041
1354.2	3.6	-0.29	1.001
1356.4	3.98	-0.79	0.966
1358.5	3.48	-0.4	1.021
1360.6	3.9	-0.47	0.91
1364.9	3.84	-0.77	1.035
1367	3.99	-0.85	0.969
1369.1	4.11	-0.63	1.081
1371.2	3.88	-0.57	1.02
1373.4	3.93	-0.75	1.059
1375.5	4.01	-0.6	0.822
1377.6	3.75	-0.53	0.872
1379.9	4.04	-0.77	0.828
1382.1	4.16	-0.74	0.905
1384.4	4.01	-0.49	0.996
1386.6	4.15	-0.7	0.857
1388.9			
1391.1	4.06	-0.54	0.921
1393.4	3.84	-0.53	0.908
1395.6	3.69	-0.73	
1397.9	3.66	-0.4	0.999
1400.2	3.57	-0.41	
1402.4	3.68	-0.45	1.039
1404.7	4.01	-0.84	0.844
1406.7	4.25	-1.02	0.769
1408.2	4.31	-1.09	0.835
1409.6	4.39	-0.88	0.714
1411.1	4.37	-1.08	0.695
1412.6	4.41	-1.1	0.746
1414.1	4.34	-1.18	0.742
1415.6	4.24	-0.93	0.772
1417.1	4.24	-1.03	0.843
1418.6	4.18	-0.86	0.873
1420.1	4.22	-0.87	
1421.5	4.19	-0.55	1.219
1423	4.57	-0.56	0.865
1424.5	4.16	-0.92	
1426	4.32	-1	0.989
1428.1	4.39	-0.79	0.768
1430.1	3.57	0.05	
1432.1	3.78	-0.2	1.168
1434.1	3.49	0.1	1.244
1436.2	3.54	-0.13	1.291
1438.2	4.13	0.13	1.05
1440.2	3.41	-0.39	1.13
1442.2	3.56	-0.34	1.153
1444.2	3.78	-0.49	
1446.3	3.64	-0.52	
1448.3	3.54	-0.43	1.062
1450.3	3.93	-0.87	1.09
1452.2	4.11	-0.86	0.969
1453.9	4.37	-1.03	0.968
1455.5	4.45	-1.16	1.063
1457.1	4.47	-1.14	0.948
1458.7	4.57	-1.25	0.969
1460.3	4.47	-1.03	0.885
1461.9	4.37	-1.14	0.927
1463.6	4.25	-0.84	0.895
1465.2	4.19	-1.08	1.121
1466.8	3.99	-0.49	1.229
1468.4	4.06	-0.26	1.034
1470	3.88	-0.43	1.01
1471.6	3.92	-0.21	1.095
1473.2	3.54	0.04	1.031
1474.9	3.66	-0.16	1.145
1476.5	3.53	-0.12	1.034
1478.1	3.55	-0.02	1.11
1479.7	3.38	-0.08	1.007
1481.3	3.53	-0.08	1.212
1482.9	3.51	-0.21	1.123
1484.6	3.52	-0.21	1.078
1486.2	3.55	-0.35	1.09
1487.8	3.93	-0.61	1.222
1489.4	3.9	-0.44	1.149
1491	4.27	-0.63	1.106
1492.6	4.16	-0.61	1.019
1494.3	4.52	-0.88	1.092
1495.9	4.45	-0.93	1
1497.5	4.4	-0.95	0.942
1499.1	4.41	-0.95	1.027
1500.7	4.18	-0.48	0.937
1502.3	3.94	0	
1504	4.05	-0.27	1.231
1505.6	4.07	-0.4	1.124
1507.2	4.33	-0.67	1.054
1508.8	4.1	-0.4	1.122
1510.4	4.12	-0.5	1.235
1512	4.31	-0.83	1.043
1513.7	3.92	-0.45	1.229
1515.3	3.95		1.129
1516.9	4.18	-0.59	1.072
1518.5	3.99	-0.44	1.062
1520.1	4.15	-0.44	1.062
1521.7	4.18	-0.78	1.104
1523.3	4.3	-0.7	1.018
1525	4.18	-0.57	1.094
1526.6	4.2	-0.71	1.367
1528.2	4.24	-0.52	1.074
1529.8	4.29	-0.59	1.105
1531.4	4.06	-0.58	1.052
1533	3.94	-0.42	1.029
1534.7	4.26	-0.62	1.059
1536.3	3.97	-0.58	1.042
1537.9	4.14	-0.59	1.141
1539.5	4.11	-0.53	0.956
1541.1	3.79	-0.39	1.097
1542.7	4.14	-0.62	1.108
1544.4	4.26	-0.39	1.074
1546	4.36	-0.77	0.997
