/* DESCRIPTION:
Reference:	Hodell, D.A., K.A. Venz, C.D. Charles, and U.S. Ninnemann.  2003. Pleistocene vertical carbon isotope and carbonate gradients in the South Atlantic sector of the Southern Ocean. Geochemistry, Geophysics, Geosystems, Vol. 4, Number 1, 1004, doi:1010.1029/2002GC000367
Data from:	https://www.ncei.noaa.gov/pub/data/paleo/contributions_by_author/hodell2003/. Accessed 22 Nov 2022.
Comment:	Empty data points were removed.
	Several variables from the original dataset are not included here.
*/
Age (ka)	d18O G. bulloides (permil)	d13C G. bulloides (permil)	d18O Cibicidoides (permil)	d13C Cibicidoides (permil)	CaCO3 (wt%)
0.55	2.32	1.48			
1.04					20
1.49					19.6
1.99					20.4
2.48					22.7
2.98			2.64	0.2	22.6
3.48					24
3.98	1.88	1.13	2.68	0.48	25.7
4.47	2.02	1.28			29.3
5.52	1.99	1.05	2.59	0.31	33.8
5.96	2.07	1.22	2.52	0.27	32.8
6.46	2.11	1.32	2.52	0.15	37.9
6.96	2.16	1.15	2.5	0.26	38.8
7.45	2.11	1.22	2.5	0.3	42.4
7.95	1.98	1.08	2.58	0.18	45.8
8.45	2.07	1.19	2.53	0.25	47.7
8.95	2.1	0.89	2.58	-0.04	46.3
9.41	1.89	1.01	2.57	0.37	46.4
9.63	1.99	0.91	2.6	0.42	
9.98	2.07	1.04			53.6
10.27	2.11	0.93	2.59	0.11	54.1
10.59	1.93	0.63	2.66	-0.07	56.4
10.91	2.13	0.57	2.71	-0.36	55.3
11.22	2.05	0.61	2.93	-0.06	57
11.54	2.03	0.49	2.69	-0.13	57.8
11.86	2.09	0.56	2.77	0.15	57
12.18	2.15	0.43	2.97	-0.14	57.8
12.49	2.15	0.57			
12.81	2.3	0.33			
13.16	2	0.04	3.1	0.02	57.2
13.48	2.29	-0.01	3.15	0.07	61.3
13.77	2.63	0.2	3.29	0.14	60.4
14.08	2.67	0.4			61.8
14.34	2.56	-0.07	3.43	0.01	61.1
14.75	2.6	0.06	3.6	-0.37	59.6
15	2.98	0.09	4.04	-0.59	58.8
15.21	2.7	0.21	3.47	-0.57	55.5
15.43	2.69	0	3.67	-0.21	52.3
15.65	2.59	-0.01			
15.89			3.61	-0.32	48.6
16.08	2.59	-0.18	3.71	-0.49	50.4
16.3	2.68	-0.01	3.84	-0.86	46.5
16.47	2.91	-0.15	3.72	-0.43	48.8
16.76	2.89	0.11	3.87	-0.8	46.7
16.95	2.68	-0.47	3.93	-0.6	49.1
17.17	2.79	-0.41	4	-0.76	47.2
17.39	3.02	0.08	4.08	-0.66	46.8
17.67	2.99	-0.15	4.17	-0.78	46.7
17.82	3.29	0.45			
18.06	3.26	0.52	4.23	-0.62	47.9
18.26	3.27	0.15	4.22	-1.05	49
18.47	3.26	0.22	4.26	-0.81	50
18.69	3.16	0.12	4.19	-0.75	48.9
18.9	3.44	0.2	4.24	-1.15	50.1
19.04	3.11	-0.01	4.14	-1	47.5
19.18	3.35	0.15	4.27	-0.9	45.3
19.32	3.1	0.26	4.21	-1.06	46.3
19.46	3.38	0.39			
19.6	3.21	0.21			
19.76	3.34	0.34	4.21	-1.13	42
19.9	2.9	-0.32	4.25	-0.83	45.2
20.03	3.18	0.24	4.18	-1.03	42.7
20.17	3.22	0.05	4.1	-1.23	45.8
20.31	3.23	-0.03	4.26	-1	45.1
20.45	2.97	-0.06	4.16	-1	43.2
20.59	3.34	0.4	4.24	-1.26	42.3
20.73	3.19	0.14	4.23	-1.3	41.7
20.87	2.99	-0.13	4.08	-1.07	39.7
21.01	3.22	0.1			
21.17	3.35	0.34	4.12	-1.08	36.3
21.29	2.99	0.01	4.22	-0.92	36.3
21.44	2.95	-0.31	4.2	-0.8	34.7
21.63			4.11	-1.2	34.7
21.84	3.15	0.19	4.13	-1.01	30.8
22.04			4.19	-0.99	30.8
22.25	3.24	0.11	4.27	-0.89	30.5
22.45	3.03	0.14			25.3
22.72	3.19	-0.13	4.02	-0.93	24.5
22.86					
23.09	3.23	-0.02	4.1	-1.02	25.8
23.27	3.05	0.24	4.08	-0.8	26.5
23.48			4.21	-0.95	25
23.69	2.85	-0.43	4.06	-1.18	25.3
23.89	3.3	0.24	4.22	-0.94	24
24.1	3.33	0.2	4.18	-1.05	22.3
24.3	3.42	0.49			22.8
24.51	3.26	0.58			
24.92	3.04	0.06			
25.15	2.98	0.04	4.07	-0.76	22.2
25.36	3.22	0.02	4.17	-1.03	23.5
25.55	3.03	-0.09	4.12	-0.83	22.1
25.77	2.9	-0.07	4.22	-0.57	21.7
25.94	3.26	0.37	4.07	-0.98	21.6
26.22	3.24	-0.32	4.13	-0.75	21.7
26.42	3.14	0.03	4.15	-1.1	22.6
26.63	3.37	0.28	4.19	-0.97	22.5
26.85	3.09	0.08	4.13	-0.69	23.5
27.3	3.44	0.31	4.08	-0.75	25
27.5					26.3
27.72			4.17	-0.84	26.3
27.89			3.97	-1.07	25.9
28.17			4.11	-0.88	26.3
28.36			4.09	-0.94	28.9
28.58			4.03	-0.85	30.5
28.8			4.08	-0.85	31.1
29.08			4.02	-1.13	26.8
29.21	3.28	0.31			
29.35			3.91	-1.08	26.1
29.47			4.05	-0.86	26.3
29.6	2.82	0.01	3.98	-1.08	26.5
29.73	2.77	-0.32	4.05	-1.03	26.3
29.86	2.94	0.06	4.11	-1.12	27
29.99	3.06	0.29	4.07	-1.05	29.3
30.12	3.22	0.45			
30.28	2.89				
30.41	3.26	0.45	4.08	-0.97	29.9
30.54	3.1	0.37	4.06	-0.97	26.4
30.67	3.35				
30.8	3.43	0.38	3.98	-0.91	30.7
30.93	3.4	0.5	4	-0.86	35
31.06	3.45	0.59			33.1
31.19	3.33	0.65	3.98	-0.76	38.9
31.32	3.27	0.35	3.73	-1.12	39
31.45	3.22	0.46	4.03	-0.81	36.9
31.6	3.39	0.26	4.02	-0.72	41.3
31.87	3.16	0.39	3.96	-0.71	40.2
32.14	3.17	0.3	3.82	-0.68	42
32.41	3.32	0.35			
32.68	3.34	0.65	3.93	-0.37	42.9
32.96	3.28	0.44	3.86	-0.74	40
33.23	2.86	-0.03	3.98	-0.89	42.7
33.5	3.2	0.41	3.93	-0.82	44.3
33.77	3.22	0.55	3.95	-0.62	44.6
34.05	3.12	0.52	4.03	-0.97	42.3
34.32	3	0.28	3.91	-0.58	40.4
34.59	3.19	0.34	3.92	-0.58	45.1
34.86	3.16	0.69			
35.13	2.93	0.45			
35.41	3.04	0.52	3.78	-0.53	47.4
35.68	2.94	0.08	3.84	-0.57	50.8
35.95	3.33	0.62	3.92	-0.4	53.3
36.22	3.05	0.69	3.96	-0.53	54.2
36.5	3.28	0.68	3.93	-0.47	51.1
36.75	3.26	0.78	3.85	-0.28	52.1
36.99	3.26	0.56	3.86	-0.67	43.2
37.24	3.07	0.68	3.86	-0.56	39.1
37.49	3.09	0.62	3.8	-0.66	39.4
37.74	2.89	0.43			
37.99	3.09	0.67	4.03	-0.79	40.9
38.23	3.15	0.5	3.92	-0.75	41
38.48	2.87	-0.05	3.82	-0.51	42.6
38.73	2.64	-0.17	3.92	-0.45	45.3
38.98	2.91	0.25	3.84	-0.38	45.4
39.23	3.45	0.34	3.9	-0.66	44.6
39.47	3.2	0.61	3.93	-0.57	45.7
39.72	2.96	0.24	3.87	-0.88	44.9
39.97	3.02	0.43	3.92	-0.6	44.9
40.22	3.2	0.34			
40.47	3.21	0.61	3.87	-0.81	40.5
40.71	3.02	0.4			40.1
40.96	2.95	0.84	3.83	-0.68	42.3
41.22	2.94	0.44	3.89	-0.77	43.5
41.5	3.22	0.66	3.79	-0.34	43.7
41.77	3.37	0.59	3.91	-0.37	43.2
42.05	3.17	0.72	3.83	-0.46	37.8
42.32	3.03	0.73			48.8
42.6	2.9	0.53			
42.87	2.96	0.56			
43.15	3.01	0.43	3.86	-0.75	43.8
43.42	2.97	0.43	3.97	-1.16	45
43.7	3.32	0.76	3.8	-0.46	51.3
43.97	3.08	0.37	3.76	-0.55	51
44.25	2.89	0.22	3.83	-0.42	52.9
44.52	2.57	0.43	3.76	-0.47	49.6
44.8	2.8	0.57	3.86	-0.49	43.3
45.07	2.88	0.48	3.83	-0.4	40.3
45.35	2.92	0.28	3.75	-0.51	36.5
45.62	2.8	0.34			
45.9	2.67	0.46	3.78	-0.67	36.5
46.17	2.88	0.54	3.76	-0.72	39.7
46.47	2.66	-0.04			43
46.76			3.87	-0.81	44.3
47.05	3.2	0.47	3.84	-0.8	42
47.34	3.11		3.84	-0.59	41.8
47.64	3.12		3.91	-0.68	44.6
47.93	2.99				49.3
48.22	3.28		3.84	-0.45	48.7
48.51	3.13	0.67			
48.8	3.24		3.8	-0.57	51.2
49.1	3.23		3.87	-0.54	50.3
49.39	3.11		3.77	-0.42	47.5
49.68	3.06		3.74	-0.25	55.7
49.97	3.03		3.86	-0.54	56.5
50.26	3.09		3.74	-0.51	56.7
50.56	2.9		3.75	-0.65	57.6
50.85	2.99		3.76	-0.28	57.3
51.14	2.89	0.36			
51.43	2.87	0.51			
51.73	2.8		3.76	-0.71	52.9
52.03	3		3.78	-0.44	49.5
52.33	2.86		3.81	-0.66	52.8
52.62	2.91		3.88	-0.79	52.5
52.92	3.04		3.9	-0.7	50.5
53.22	2.92		3.87	-0.67	46.4
53.52	3.06		3.8	-0.65	56.9
53.82	3.03		3.88	-0.42	55.2
54.11	2.83		3.78	-0.69	55.4
54.41	2.9	1.03	3.69	-0.25	
54.71	3		3.81	-0.45	53.3
55.01	2.75		3.88	-0.68	53.7
55.3			3.82	-0.44	52.8
55.6	2.79				44.5
55.9	3.01		3.82	-0.74	38.2
56.2	2.85		3.77	-0.65	40.8
56.5	2.86		3.82	-0.62	39.8
56.79	2.98		3.78	-0.37	31.3
57.11	3		3.8	-0.67	30.9
57.44	2.88	0.27			
57.77	2.89				29.1
58.1	3.24		3.82	-0.8	25.3
58.43	2.92		3.75	-0.8	23.8
58.76	2.74		3.66	-0.78	22
59.09	3				19.2
59.42	2.94	0.13			
59.82	2.97	0.15	3.75	-0.96	
60.15	3.18	0.28			21.7
60.48	2.83	-0.35			20.7
60.81	2.81	0.09			
61.14	3.04	0.13			
61.47	2.83	0.29	3.8	-1.24	22.2
61.8	3.02	-0.05	3.79	-1.13	20
62.13	2.77	-0.09	3.86	-1.08	14.1
62.46	2.63	-0.05	3.93	-1.02	17.9
62.79	2.74	-0.15	3.84	-1.15	17.4
63.16	3.02	0.21	3.88	-0.81	13.1
63.55	2.85	0.15	3.89	-0.78	11.4
63.95			3.77	-0.97	12.3
64.35	2.93	0.3			12.9
64.75	2.83	0.25			
65.15	3.07	0.38			17
65.54	2.98	0.04	3.86	-1.07	16.3
65.94	2.93	0.25	3.88	-0.87	17.3
66.34	3.18	0.28			17.8
66.74	2.99	0.07	3.93	-0.95	17.1
67.14	2.88	0.01	3.82	-0.91	15
67.53	3.16	0.47	3.79	-0.89	13
67.93	2.86	0.63	3.8	-0.87	15.8
68.33	2.74	0.47	3.82	-0.81	18.3
68.73	3.16	0.47	3.94	-1.05	
69.12	2.8	0.27	3.8	-0.99	14.3
69.52	3.27	0.51	3.71	-0.81	
69.92	3.11	0.2	3.79	-0.87	16.3
70.29	2.72	0.14	3.81	-1.09	18.6
70.59	2.9	0.35	3.72	-0.87	16.2
70.89	2.69	0.27	3.7	-0.89	
71.19	2.67	0.22	3.67	-0.68	
71.49	3.04	0.43	3.82	-0.45	
71.79			3.67	-0.37	
72.09	3.11	0.81	3.64	-0.54	
72.39	2.74	0.12	3.58	-0.68	26.3
72.69	2.79	0.55	3.56	-0.21	11.6
72.99	2.7	0.37	3.59	-0.65	12.8
73.29	2.45	0.38	3.4	-0.23	16.5
73.59	2.61	0.38	3.49	-0.4	19.7
73.89	3.35	0.08	3.54	-0.22	
74.19	3.03	0.95	3.48	-0.04	
74.49	2.74	0.76	3.5	-0.14	29.9
74.79	2.94	1	3.52	-0.15	28.3
75.09	2.82	1.14	3.42	-0.45	
75.39	2.61	0.73	3.38	-0.17	55
75.69	2.44	0.36	3.52	-0.51	19.2
75.99	2.43	0.04	3.37	-0.12	22.3
76.3	2.54	0.91	3.52	-0.32	
76.6	2.77	0.66	3.44	-0.23	31.3
76.9	2.68	1.06	3.37	-0.41	36.8
77.2	2.44	0.87	3.43	-0.38	36.3
77.5	2.47	0.64	3.38	0.04	39.6
77.8	2.33	0.56	3.4	-0.31	41.5
78.1	2.68	0.96	3.18	-0.23	
78.4	2.47	0.55	3.33	-0.38	48.6
78.71	2.56	0.92	3.18	-0.27	
79.13	2.49	0.88	3.14	0.06	47.8
79.43	2.33	0.53	3	0.03	44.4
79.73	2.33	0.59	3	-0.2	40
80.03	2.44	0.69	2.96	-0.23	40.8
80.33	2.48	0.74	2.91	-0.26	31.9
80.63	2.49	0.75	3.04	-0.35	23.8
80.94	2.73	0.49	3.09	-0.4	22.5
81.25	2.31	0.77	2.95	-0.52	18.3
81.72	2.46	0.56	3.03	-0.32	18.8
82.19	2.55	0.7	3.41	-0.7	
82.66	2.26	0.27	3.26	-0.42	19.1
83.13	2.46	0.53	3.34	-0.63	14.8
83.6	2.08	0.09	3.23	-0.59	12.6
84.07	2.17	0.28	3.17	-0.82	13.8
84.54	2.25	0.38	3.36	-0.81	16.4
85.02	2.23	0.19	3.3	-0.86	17.1
85.49	2.59	0.36	3.41	-0.62	21.1
85.96	2.72	0.63	3.38	-0.44	24.8
86.27			3.42	-0.41	
86.9	2.86	0.49			
87.37	2.72	0.96	3.33	-0.29	27.3
87.84	2.72	0.76	3.29	-0.28	27.8
88.31	2.66	0.89	3.34	-0.45	26.3
88.78	2.71	0.77	3.48	-0.54	26.8
89.25	2.53	0.7	3.43	-0.7	22.9
89.72	2.55	0.63	3.26	-0.63	20.3
90.21	2.35	0.48	3.33	-0.58	22.1
90.71	2.53	0.69	3.33	-0.42	18.3
91.2	2.81	0.28	3.31	-0.68	18.6
91.7	2.7	0.75			
92.2	2.47	0.63	3.31	-0.59	22
92.69	2.32	0.41	3.24	-0.57	23
93.19	2.48	0.86	3.29	-0.68	22.7
93.69	2.63	0.6	3.2	-0.38	22.6
94.18	2.27	0.44	3.25	-0.33	21.5
94.68	2.48	0.91	3.14	-0.51	22.8
95.17	2.47	1.05			23.8
95.67	2.56	0.78			26.8
96.17	2.48	0.68	2.9	-0.08	27.6
96.66	2.42	0.81	3.06	-0.19	
97.16	2.54	0.85	3.08	-0.1	28.4
97.66	2.35	0.67	3.09	-0.04	30.2
98.15	2.5	0.62	3.14	-0.2	31.8
98.65	2.41	0.69	3.14	-0.42	33.1
99.13	2.23	0.83	3.07	-0.25	35.8
99.6	2.45	0.74	3.05	-0.13	37
100.07	2.46	0.78	3.2	-0.38	34.8
100.54	2.69	0.73	3.24	-0.19	36.9
101	2.42	0.79			
101.47	2.58	0.64	3.13	-0.1	
101.94	2.32	0.66	3.38	-0.54	35.3
102.41	2.53	0.77	3.42	-0.34	27.7
102.88	2.17	0.52			31.6
103.34	2.43	0.4	3.08	-0.55	22
103.81	2.39	0.75	3.14	-0.27	27
104.28	2.51	0.26	3.18	-0.79	23.7
104.7	2.4	0.81	3.3	-0.55	31.6
105.07	2.51	0.77	3.25	-0.64	36.8
105.4	2.68	0.55	3.32	-0.37	38.3
105.71	2.53	0.23			
106	2.67	0.35	3.24	-0.51	36.8
106.28	2.32	0.3	3.3	-0.47	34.5
106.55	2.3	0.32	3.31	-0.69	33.7
106.82	2.52	0.62	3.27	-0.9	29.8
107.08	2.4	0.12	3.31	-0.47	28.9
107.34	2.31	0.67	3.26	-0.53	
107.6	2.26	0.3	3.26	-0.37	16.8
107.86	2.27	0.2			14.5
108.12	2.3	0.02	3.26	-0.56	15.1
108.38	2.5	0.46			
108.65	2.11	0.5	3.31	-0.47	14.3
108.91	2.3	0.43	3.33	-0.73	14.4
109.18	2.54	0.46	3.3	-0.68	17.2
109.45	2.38	0.11	3.39	-0.62	21.1
109.73	2.13	0.33	3.37	-0.42	21.5
110.01	2.36	0.66	3.37	-0.38	23.3
110.57	2.73	0.59	3.31	-0.45	27
110.86	2.7	0.28	3.43	-0.57	
111.16	2.79	0.68			24.7
111.46	2.39	0.61	3.23	-0.46	23.3
111.76	2.18	0.1	3.39	-0.52	
112.06	2.28	0.26	3.3	-0.48	
112.38	2.7	0.66	3.31	-0.41	
112.69	2.42	0.23	3.29	-0.52	
113.01	2.59	0.28	3.26	-0.46	
113.34	2.33	0.7	3.34	-0.51	
113.67	2.28	0.12	3.19	-0.36	
114	2.23	0.54	3.15	-0.34	
114.35	2.61	0.72	2.89	-0.48	
114.56					13.2
114.91	2.2	0.72			15.1
115.27	2.85	0.39			13.2
115.63	2.2	0.18			12.3
116	2.05	0.42			13.3
116.37	1.83	0.28			14.3
116.75	2.5	0.48	2.75	-0.42	
117.13	2.42	0.38			
117.51	2.63	0.21			15.3
117.88	2.1	0.41			17.6
118.26	2.12	0.51			17.8
118.61	2.05	0.57			19.2
118.92	2.12	0.66	2.3	-0.04	19.3
119.11	2.16	0.61	2.39	-0.17	22.9
119.22	2.36	0.08	2.37	-0.18	23.5
119.31	2.02	0.67	2.39	-0.02	24.6
119.4	2.18	0.33	2.39	0.07	26.3
119.51	2.3	0.49		0	
119.64	1.84	0.74	2.5	-0.26	30.3
119.79	1.92	0.6			30.3
119.99	1.81	0.65			30.4
120.27			2.66	-0.14	30.8
120.7			2.44	-0.12	30.3
121.29	2.1	0.77	2.18	0.01	28.9
121.95	1.87	0.51	2.33	-0.09	27.3
122.58	1.79	1.21	2.05	0.09	28.3
123.15	1.84	0.62	1.98	-0.23	29.3
123.64	1.9	0.6	2.41	-0.66	
124.03	1.92	0.53	2.3	-0.32	32.2
124.35	2.12	0.74	2.16	-0.4	34.8
124.66	1.72	0.45	2.32	-0.34	34.5
124.98	1.95	0.35	2.28	-0.35	35
125.32	1.73	0.37	2.25	-0.25	37.9
125.67	1.92	0.16	2.36	-0.06	42.2
126.02	2.09	0.29	2.35	-0.14	44.3
126.38	1.71	0.13	2.37	-0.04	44.2
126.73	1.63	0.08	2.58	-0.29	
127.08	1.69	0.04	2.54	-0.09	
127.44	1.31	-0.39	2.66	-0.03	55.3
127.79	1.27	-0.52	2.85	-0.09	55.2
128.15	1.42	-0.37	2.83	-0.1	56.6
128.5	1.06	-0.59	2.74	0.06	54.8
128.85	1.28	-0.47	2.94	-0.14	58.5
129.21	1.72	-0.58	3.12	-0.02	56.1
129.56	1.66	-0.64	3.1	-0.07	61
129.92	1.82	-0.95	3.28	-0.12	58.9
130.27	2.46	-0.61	3.38	-0.23	60.9
130.63	2.43	-0.09	3.47	-0.62	
130.98	2.48	-0.27	3.53	-0.25	59.4
131.33	2.35	-0.34	3.67	-0.88	58.8
131.68	2.56	-0.07	3.51	-0.31	58.8
132.02	2.84	-0.08			58.7
132.36	2.82	0.11	3.82	-0.94	57.8
132.7	2.68	-0.45	3.85	-0.79	61.2
133.04	2.65	-0.13	3.91	-0.54	59.4
133.38	2.72	-0.4	4.02	-0.71	59.9
133.72	3.04	0.01	3.97	-0.75	60.3
134.06	2.93		3.98	-0.92	58.3
134.4	2.95	-0.48	4.1	-1.14	57.6
134.74	3.23	-0.08	4.09	-0.87	61.2
135.08	3.11	-0.38	4.09	-0.88	62.4
135.42	2.93	-0.24	4.29	-1	61.7
135.76	3.06	-0.09	4.24	-0.88	60.7
135.83	3.35	-0.11	4.18	-0.89	54.5
136.17	3.13	-0.15	4.22	-0.84	53.1
136.51	3.23	-0.18	4.17	-0.7	54.4
136.85	3.25	-0.18	4.29	-1.03	55.4
137.19	3.1	-0.14	3.97	-0.77	57.8
137.53	3.59	-0.08			56.4
137.87	3.21	-0.13	3.97	-0.89	56.3
138.21	3.06	-0.33	4	-0.79	51.8
138.55	3.01	-0.08	4.2	-1.08	48.9
138.9	3.29	0.02	3.99	-0.78	50.1
139.24	3.16	0.02	4.11	-0.94	48
139.58	3.46	0.17			46.4
139.93	3.25	0.17	4.14	-0.92	50.7
140.27	3.28	-0.24	4.08	-1.04	51.8
140.61	3.31	0.3	4.11	-1.01	49.6
140.95	3.12	-0.11	4.14	-1.18	47.3
141.3	3.32	0.18	4.07	-0.98	47.6
141.64	3.09	0.03	4.07	-0.98	47.3
141.98	2.94	-0.06	3.93	-0.66	52.7
142.33	3.2	-0.21	4.05	-0.87	47.8
142.67	3.1	-0.15	4.03	-1.17	45.4
143.01	3.02	-0.44	4.14	-1.22	46.3
143.36	2.69	-0.26	4.06	-1.26	45.2
143.7	3.08	-0.11	3.96	-1.18	42.3
144.04	3.17	-0.11			44.7
144.38	2.87	-0.15	4.09	-1.21	44.8
144.72	3.44	-0.25	4.18	-1.17	44.8
145.06	3.44	0.29	4.06	-0.98	45.8
145.4	3.06	-0.09	4.06	-1.08	49.8
145.74	3.17	0.07	4	-0.96	47.4
146.08	3.27	0.11	4.08	-1.03	44.9
146.42	3.13	-0.17	4.12	-0.99	47.1
146.76	3.33	0	4.08	-1.06	46.3
147.1	3.15	-0.1	4.01	-1	45.7
147.44	2.88	-0.27	4.05	-1.15	45.9
147.78	3.19	-0.37	4.03	-1.27	46.8
148.12	3.18	-0.34	4.1	-1.19	51.4
148.46	3.34	0.18	4.11	-1.01	49.5
148.8	3.39	0.08	3.85	-1.02	47.4
149.14	3.06	-0.16	4.02	-1.07	51.6
149.48	3.14	-0.33	4.02	-1.06	53
149.82	3.12	-0.19	4	-1.14	52.1
150.16	3.21	-0.08	3.9	-0.95	49.6
150.49	3.23	-0.16	4.02	-1.05	49.3
150.81	3.01	-0.31	3.88	-1.22	50.8
151.14	2.96	-0.26	3.95	-1.04	51.6
151.46	3.25	-0.03	3.92	-1.14	51
151.78	3.12	-0.01	4.09	-0.8	51.8
152.11	3.18	-0.35	4.11	-0.76	48.7
152.43	3.1	-0.5	4.12	-1.01	48.7
152.76	3.07	-0.14	4.01	-1.31	49
153.08			3.99	-1.07	47.1
153.45	3.04	-0.46			45.4
153.73	3.07	-0.44	3.96	-1.18	46.6
154.06	3.03	-0.34	4.02	-1.26	44.6
154.38	3.44	-0.19	4.17	-1.28	44.1
154.71	3.33	0.15	4.07	-0.99	43.2
155.03	3.28	0.23	4.11	-1.19	42.3
155.36	3.33	0.29			43.3
155.68			4.03	-1.27	43
156.01	3.34	0			42.8
156.33	3.28	-0.05	4.11	-1.17	42.9
156.64	3.38	-0.06			43.3
156.96	3.49	0.26	4.03	-1	41.8
157.28	3.4	-0.36	4.24	-0.99	42.9
157.59	3.12	-0.15			41
157.91	3.32	-0.36			43.3
158.22	3.41	-0.18	4.02	-1.23	43.8
158.54	3.17	-0.4	4.12	-1.07	45.6
158.86	3.18	-0.28	3.93	-1.02	42.9
159.17	2.92	0.03	3.93	-1.17	42.2
159.49	3.16	0.1	3.94	-1.07	42.5
159.81	3.33	-0.2	4.1	-1.04	42.7
160.12	3.1	-0.72	3.99	-0.85	41.4
160.44	2.98	-0.29	3.81	-1.12	40.9
160.75	2.95	-0.07	4.03	-0.98	43.4
161.07	2.88	-0.31	3.97	-0.76	44.3
161.39	3.04	-0.36	3.91	-0.85	40.6
161.7	3	-0.14	3.87	-0.67	39.1
162.01	2.81	-0.37			31.8
162.32	3.01	-0.22	3.7	-0.79	35
162.62	2.85	0.12			31.5
162.92	2.77	-0.13	3.91	-0.7	31.8
163.22	2.85	-0.55	3.87	-0.91	30.4
163.52	2.62	-0.35	3.82	-1.01	29.8
163.83	2.62	-0.52	3.9	-1.06	34.2
164.13	2.6	-0.54	3.81	-0.95	37.1
164.43	2.87	-0.37	3.74	-0.79	35.3
164.73	2.81	-0.25			34
165.03	2.87	0.17	3.8	-1.35	27.8
165.34	2.63	-0.52	3.74	-1.1	21.4
165.64	2.63	-0.29			21.7
165.94	2.71	-0.14			22.7
166.24	2.92	0.1			20.8
166.54	2.92	0.43	3.77	-1.18	22.3
166.85	2.63	-0.49			21.7
167.15	2.84	-0.44	3.77	-0.99	25.7
167.45	2.92	-0.04	3.83	-1.13	27.3
167.73	2.95	-0.05	3.82	-1.2	28.1
168.01			3.76	-0.79	32.2
168.3	2.79	0.03	3.81	-1.04	32.4
168.58	2.74	-0.3	3.79	-1.12	31.6
168.86	2.63	-0.33	3.81	-1.05	34
169.15	2.75	0.02	3.74	-1.29	33.8
169.43	2.78	0.27	3.79	-1.02	34.8
169.71	2.71	0.09	3.85	-1.05	36.5
169.99	2.67	-0.01	3.64	-1.06	34.6
170.28	2.84	0.22	3.67	-1.06	41.2
170.56	2.83	0.3	3.7	-0.97	44.1
170.84	2.78	0.1	3.74	-0.89	45.9
171.13	2.97	0.34	3.69	-0.76	46.8
171.41	2.94	0.14	3.77	-0.64	43.3
171.69	2.87	0.05	3.66	-0.75	43.6
172.04	2.67	0.38	3.43	-0.72	42.1
172.26	2.87	0.11	3.49	-0.75	38.9
172.54			3.49	-0.9	40.8
172.82	2.78	0.2	3.46	-0.94	39.2
173.11	2.77	-0.08	3.48	-0.77	42.7
173.39	2.61	-0.23	3.56	-1.14	43.8
173.68	2.8	-0.15	3.49	-0.99	45
173.96	2.91	0.31	3.72	-1.03	46.6
174.25	3.17	0	3.66	-0.79	46.9
174.53	3.13	0.22			43.3
174.82	3.03	0.02	3.55	-1.06	37.4
175.11	2.84	0.06	3.57	-0.82	33.9
175.39	2.4	0.34			35.4
175.68	2.45	-0.32			36.5
175.96	2.92	-0.34	3.67	-0.8	35.1
176.25	3.01	-0.54	3.63	-0.8	34.8
176.53	2.91	-0.05	3.7	-0.89	35.3
176.82	2.8	-0.43	3.73	-1.18	35.1
177.1	2.76	0	3.76	-1.2	33.9
177.39			3.77	-0.89	34.2
177.67			3.78	-1.1	28.8
177.96	3.16	-0.17	3.71	-1.12	31.2
178.25	3.13	-0.25			32.3
178.54	3.13	-0.41	3.76	-0.92	34.7
178.83	3.27	-0.25	3.73	-0.79	39
179.12	2.87	-0.31			41.5
179.41	3.23	-0.12	3.86	-0.77	44.3
179.7	3.48	-0.08			43.9
179.99	3.21	0.15	3.68	-0.96	43.1
180.3	2.62	0.01			46.1
180.6	2.97	-0.31			31.3
180.91	3.02	-0.18			23.2
181.2	2.65	-0.34			22.8
181.5	2.68	-0.12			22.2
181.8	2.7	-0.33			23.6
182.1	2.78	-0.36			23.4
182.39	2.9	-0.28			23
182.53	3.46	0.4	3.85	-1.09	20
182.82	3.07	-0.06	3.74	-0.85	21.1
183.11	3	0.05	3.8	-1.17	21.3
183.37	3.26	-0.16	3.79	-1.08	14.6
183.63	3.2	-0.35			12.5
183.88	3.12	-0.12	3.85	-0.94	14.8
184.14	2.98	0.09	3.74	-0.68	13.2
184.4	2.99	-0.25			10.8
184.65	2.74	-0.26	3.76	-1.32	10.1
184.91	2.86	-0.03	3.75	-0.88	7.8
185.17	3.16	0.02	3.71	-1.21	6.8
185.43	2.97	0.46	3.68	-1.19	7.5
185.68	3.05	-0.05			3.6
185.94	3	-0.14			3.9
186.2	2.58	-0.36			3.3
186.46	3.04	0.02	3.68	-1.19	1.3
186.71					2.2
186.97					1.6
187.23	2.44	0			2
187.48	3.02	0.13			3.3
187.74	2.63	-0.16			6.9
188.06	2.89	0.28	3.49	-0.64	5.5
188.4	2.61	-0.19			7.4
188.75	2.86	0.08	3.56	-0.65	13.8
189.1	2.74	-0.1	3.55	-0.38	11.3
189.44					10.8
189.79	2.81	0.21	3.44	-0.61	10.9
190.13	2.74	0.5			8
190.48	2.65	-0.12			1.2
190.83	2.79	0.16			0
191.17	2.34	-0.27			0
191.52					0
191.87					0.3
192.21					0
192.56	2.71	0.22			5
192.9	2.53	-0.16			1.5
193.25	2.61	0.27			3.7
193.6					0
193.94					0
194.37					0
194.94					0
195.51					3.4
196.08	2.46	-0.35			
196.08					4
196.65	2.2	0.38			7.8
197.22	2.56	0.47			9.2
197.79	2.27	0.01			14.3
198.35					15.8
198.92					14.8
199.49					12
200.06	2.43	0.28			9.5
200.63					0.8
201.2					0.6
201.77	2.64	0.06			0
202.34					0
202.91					0.2
203.47					1.8
204.04					4.8
204.62	2.46	0.41			3.3
205.25					4.6
205.88	2.55	0.63			4.2
206.52					4.8
207.15	2.61	0.6			5.7
207.78	2.36	0.27			4.8
208.42	2.46	0.22			6.4
209.05	2.35	0.62			10.7
209.68	2.42	0.61			12.6
210.32	2.19	0.35			16.3
210.95					20.9
211.58					23.3
212.22	2.08	0.18			26.3
212.85	1.94	0.1			27.7
213.48	2.45	0.31			30.5
214.12	2.02	0.66			33.3
214.75	2.41	0.64			34.4
215.38	2.36	0.72			36.1
216.01					37.2
216.54	2.31	0.6			40.7
217.03	2.39	0.27			44.6
217.53	2.37	0.43	2.8	-0.5	43.2
218.02	2.29	0.1			41.6
218.51	2.24	0.44	2.88	-0.6	39
219.01	2.48	0.34	3.04	-0.51	37.3
219.5	2.72	0.46			39
220	2.71	0.51	3.11	-0.71	33.2
220.49			3.32	-0.68	27.9
220.98					23.1
221.48	2.59	-0.18	3.33	-0.86	20.3
221.97	2.7	-0.06			19.6
222.46	2.64	-0.31	3.44	-1.09	17.7
222.96	2.71	-0.15			17.3
223.45					16.8
223.94	3.04	-0.06			18.3
224.44					10.9
224.93	3.01	0.11	3.56	-0.8	7.8
225.36					10.3
225.71	2.84	0.16	3.54	-0.53	12.6
226.06					15.8
226.41	3.03	0			17.3
226.77	2.94	0.16	3.58	-0.88	19.9
227.12	2.94	0.22	3.58	-0.87	25.4
227.47	2.76	-0.11			28.5
227.82	3.02	0.47	3.62	-0.65	29.5
228.31	2.68	-0.15	3.55	-0.77	29
228.67	2.91	0.2	3.54	-0.68	26.9
229.02	2.86	0.16	3.48	-0.64	19
229.37			3.4	-0.52	8.3
229.72					1.3
230.07	2.62	0.06			0.1
230.43					0.8
230.78	2.72	0.12			1.6
231.13	2.62	0.09			6.9
231.48	2.74	0.16			10.7
231.82					13.5
232.14	2.7	0.26	3.49	-0.62	10.8
232.47			3.42	-0.7	11.8
232.79	2.39	-0.29			8.9
233.11					4.2
233.44	2.4	-0.02			7.6
233.76					8.9
234.09	2.72	0.12	3.49	-0.44	10.1
234.41					13.4
234.73	2.28	0.02			12.5
235.06	2.47	0.26	3.29	-0.72	12.5
235.38	2.44	0.15	3.2	-0.6	11
235.7	2.51	0.27	3.34	-0.57	14.2
236.03	2.41	-0.05	3.3	-0.61	14.3
236.35	2.5	-0.05			10.9
236.68	2.26	0.19			14.9
237	2.75	0.33	2.88	-0.54	14.9
237.32	2.35	0.41	3.05	-0.31	17.8
237.68	2.35	0.37	3.01	-0.44	20
238.12	2.3	0.5	2.89	-0.18	28.8
238.56	2.29	0.61			30.9
239	2.5	0.74			34.2
239.44	2.41	0.6	2.86	-0.27	37.3
239.88	2.45	0.32	2.7	-0.33	38.5
240.32	2.35	0.64	2.73	-0.86	37.2
240.76	2.39	0.49	2.68	-0.71	40.7
241.2					40.2
241.64	2.14	0.42	2.59	-0.3	42.9
242.08	2.07	0.22	2.5	-0.42	44.1
242.51	2.27	0.3	2.58	-0.41	45.1
242.95	2.18	-0.05	2.71	-0.03	48.3
243.39	2.21	-0.06			52.5
243.83	2.02	-0.31			50.3
244.27	2.12	-0.35			54.3
244.71			3.15	-0.61	52.8
245.15	2.22	-0.18			52.1
245.58	2.79	0.1	3.45	-0.65	47
246	2.71	-0.15	3.51	-0.43	50.3
246.42	2.99	0.24	3.51	-0.85	51.1
246.83	3.07	0.21	3.59	-0.47	49.8
247.25	2.98	-0.09	3.67	-0.59	52.9
247.66	2.74	0.02	3.64	-0.7	51.5
248.07	2.96	-0.09	3.62	-0.71	50.7
248.49	2.84	-0.06	3.53	-0.81	49.6
248.9	2.91	-0.07	3.52	-0.9	40.2
249.32	2.77	-0.28	3.58	-0.61	36.6
249.73	3	-0.09	3.65	-0.76	34.9
250.14	2.76	-0.41	3.58	-0.87	37.2
250.56	3.06	-0.32	3.67	-0.98	40.6
250.97	2.79	-0.57	3.68	-0.86	45.3
251.39			3.78	-0.84	46.4
251.8	2.73	-0.39	3.79	-0.85	43.4
252.22	3.08	-0.39	3.67	-0.9	34.6
252.65	2.89	-0.53	3.85	-1.15	34.7
253.08	2.72	-0.52	3.74	-1	32.3
253.51	3.01	-0.15	3.67	-1.06	33.7
253.94	3.03	-0.43			35.8
254.38	2.98	-0.08	3.66	-0.58	37.3
254.82	2.81	-0.12	3.86	-1.12	37.9
255.27	3.01	-0.11	3.82	-0.88	37
255.72	2.98	-0.19			39.8
256.17	2.68	-0.5	3.75	-0.64	41.2
256.63	2.95	-0.18			41.6
257.09	2.89	-0.29	3.79	-0.98	40.2
257.55	2.79	-0.43			43.4
258.01	3.26	-0.17	3.74	-0.93	42.8
258.48	3.19	-0.01	3.76	-1.1	46.3
258.95	3.11	0.08			47.8
263.04	2.83	-0.28	3.89	-0.96	46.4
263.31	2.93	-0.19	3.92	-1.08	48.2
263.57	3	-0.21	3.94	-0.81	49.6
263.84	2.95	-0.05	3.87	-0.45	49.3
264.11	2.91	-0.11	3.88	-0.3	49.4
264.37	3.03	0.19	3.77	-0.69	49.8
264.64	3.23	0.37	3.86	-1.03	46.4
264.91	2.88	-0.1			47.3
265.17	3.07	0.39	3.75	-0.59	46.8
265.44	3	0.07	3.85	-0.85	48.4
265.71	2.83	-0.13	3.74	-0.48	53.5
265.97	2.87	-0.26	3.79	-0.66	49.8
266.24	2.96	-0.13	3.83	-0.59	45.9
266.51	3.01	-0.03	3.84	-0.95	46.3
266.77	2.63	-0.48	4.1	-1.15	45.7
267.04	3.03	0.02	3.72	-0.92	48.8
267.31	2.77	-0.14	3.84	-0.78	47.9
267.57	3.07	-0.11	3.83	-0.91	48.6
267.84			3.89	-1.13	47.8
268.11	2.98	-0.08	3.86	-0.66	48.9
268.37	3.06	-0.03	3.92	-0.52	48.8
268.64	3.08	-0.3	3.99	-1	45.4
268.91	3.12	0.02	3.88	-0.93	43.3
269.17	2.95	-0.49	3.86	-0.81	47.3
269.44	2.74	-0.72	3.87	-0.68	49.3
269.71	3	-0.48	3.86	-0.79	40.9
269.97	3.21	0.16	4.06	-0.75	48.3
270.24	3.28	-0.01	3.69	-0.69	44
270.51	3.15	-0.33	3.77	-1.21	39
270.77	3.19	-0.29			35.2
271.04	2.96	-0.22	3.66	-1.27	29.3
271.31			3.86	-0.97	29
271.57	2.86	-0.87	3.87	-1.2	27.5
271.84	2.87	-0.79	3.82	-1.26	26.8
272.11	2.81	-0.49	3.75	-1.43	18.3
272.37	2.58	-0.83	3.87	-1.3	15.4
272.64	2.9	-0.25	3.86	-1.68	10.3
272.91	2.85	-0.61	3.82	-1.68	10.2
273.65	2.82	-0.14	3.91	-1.26	5.6
274.13	2.78	-0.34	3.88	-1.14	5.3
274.45			3.88	-1.01	6.8
274.67	2.92	-0.35	3.86	-1.54	7.8
274.99			3.86	-1.37	8.9
275.2	2.89	-0.13	3.87	-1.63	7.5
275.52	2.74	-0.21	3.97	-1.71	8.9
275.79	2.93	0.12			10.5
276.05	2.58	-0.59	3.81	-1.3	8.8
276.27			3.88	-1.09	4.8
276.59	2.66	-0.12			3.7
276.8			3.72	-1.38	5.6
277.12			3.67	-0.27	7.8
277.33			3.86	-1.02	7.7
277.65			3.59	-0.76	4.7
277.87	2.39	-0.15	3.7	-0.95	1.9
278.19					1.5
278.45					0.4
278.72					0.6
278.93					1.2
279.25			3.69	-1.2	2.1
279.47					0.6
279.79					0
280			3.59	-0.87	0.8
280.32			3.86	-1.39	0.9
280.53					0.8
280.64			3.72	-0.7	0.3
280.85			3.73	-0.74	3.6
281.12	2.64	-0.31	3.61	-1.02	6.2
281.39			3.54	-0.52	7.3
281.6	2.17	-0.27	3.59	0.11	8.4
281.92			3.62	-0.52	7.8
282.13			3.57	0.21	3.1
282.45					2.5
282.67					0.8
282.99	2.46	0.07			1.8
283.2			3.33	-1.45	7.5
283.52			3.46	-0.56	10.6
283.79			3.5	-0.91	10.9
284.05			3.51	-0.55	13.1
284.27			3.45	-0.16	8.4
284.59			3.4	-0.5	12.1
284.8	2.54	0.5			8.1
285.12	2.53	0.71	3.43	-0.34	15.2
285.33	2.48	0.4	3.29	-0.2	14.9
285.65			3.3	-0.73	14
285.87			3.31	-0.12	14
286.19	2.3	0.01	3.22	-0.19	20.1
286.45			3.22	-0.14	24.7
286.72			3.2	-0.48	29.3
286.93	2.19	0.51	3.21	-0.37	34.3
287.25	1.71	0.01	3.07	-0.19	36.8
287.47	2.27	0.46	3.08	-0.12	39.4
287.79	2.62	0.62	3.08	-0.48	40.2
288	2.13	-0.07	3.17	-0.45	43
288.41	2.01	-0.19	3.18	-0.44	45.6
288.69	2.47	0.74	3.13	-0.59	45.7
289.1	2.42	0.51	3.21	-0.72	39.6
289.38			3.26	-0.69	29.8
289.79			3.52	-0.74	19.1
290.07	2.59	-0.11	3.4	-0.79	17.6
290.48			3.64	-0.99	20.7
290.76	2	-0.4			23.1
291.17	2.35	-0.16	3.39	-0.52	16.3
291.45	2.28	-0.08	3.45	-0.97	19.8
291.86			3.43	-0.62	15.4
292.14			3.66	-0.46	13.8
292.55	2.54	-0.31	3.47	-0.69	9.8
292.9			3.53	-1.04	9.4
293.24			3.48	-1.06	11.8
293.52	2.49	-0.17	3.54	-0.74	15.3
293.93	2.71	-0.02	3.54	-0.98	13.3
294.21			3.56	-0.58	11.3
294.62	2.39	0.03			2.3
294.9	2.46	-0.19	3.58	-0.1	3.1
295.31	2.25	-0.22			3.8
295.59	2.1	-0.29	3.52	-0.64	6.2
296	2.46	0.25	3.62	-0.95	9.8
296.18			3.09	-1.23	15.8
296.36			3.61	-0.49	16.4
296.51			3.54	-0.85	21.6
296.73			3.6	-0.78	16.9
296.87			3.61	-0.4	
297.09			3.61	-0.47	
297.24			3.64	-0.71	
297.45			3.54	-0.59	
297.6			3.56	-0.53	5.7
297.82					0.3
297.96	2.76	0.17	3.36	-0.35	3.3
298.18					0.9
298.33					1.3
298.55					4
298.69	2.3	-0.15	3.45	-0.79	5.8
298.91			3.46	-0.63	6.5
299.05			3.46	-0.38	5.4
299.27			3.51	-0.5	7.9
299.42			3.41	-0.14	9.1
299.64			3.4	-0.07	12.4
299.82	2.54	-0.29			9.4
300	2.29	0.3	3.45	-0.51	17.6
300.15	2.03	0.09			16.6
300.36	2.22	0.09	3.31	-0.18	17.9
300.51	2.18	0.37	3.27	-0.24	17.3
300.73					4.8
300.87	2.48	0.71	3.37	-0.97	5.1
301.09					3.8
301.24			3.29	-0.32	6.2
301.45			3.31	-0.43	9.8
301.64			3.56	-0.11	15.8
301.82	2.43	0.22	3.38	-0.48	16.4
301.96	2.34	0.26	3.42	-0.15	21.6
302.18	2.02	0.1	3.3	-0.11	16.9
302.36	2	-0.15	3.28	-0.48	18.8
302.55			3.34	-0.23	10.8
302.73	2.16	0.35			14.9
302.91			3.24	-0.2	14.8
303.09			3.28	-0.63	14.3
303.45	1.85	-0.23	3.08	-0.41	18.5
303.64	1.85	-0.01	3.17	-0.24	15.5
303.82	2.02	0.35	3.19	-0.24	11.6
304	2.01	0.37	3.12	-0.76	10.3
304.48	2.08	-0.34	3.07	-0.69	15.8
304.97	2.19	0.27	3.09	-0.59	9.9
305.45	1.83	-0.09	2.98	-0.59	5
305.94			2.93	-0.12	4.4
306.42	2.21	0.41	2.88	-0.27	12.2
306.9					5.8
307.39					0.2
307.87					-0.3
308.35					-0.3
308.84					-0.3
309.32					-0.3
309.81					-0.2
310.29					-0.1
310.77					0.4
311.26					-0.3
311.74					-0.3
312.23					0
312.71					-0.2
313.19	1.99	-0.01			1.1
313.68					0.3
314.16					0.4
314.65					0.3
315.13	2.05	0.49			0.6
315.61					1.6
316.1			2.74	-0.21	4.2
316.58					3.2
317.06					4.3
317.55			2.66	-0.82	6.5
318.03					4.6
318.52					4.8
319					3.5
319.48					4
319.97					5.9
320.45			2.44	-1.46	10.1
320.94					10.4
321.42			2.58	0.07	10.9
321.9					11.6
322.39					12.1
322.87			2.71	-0.22	13.8
323.35					14.6
323.84			2.51	-0.88	16.4
324.32			2.52	-0.13	15.9
324.81					17.2
325.29					16.4
325.77			2.63	-0.06	17.8
326.26			2.43	0.05	20.8
326.74					24.5
327.23					24.5
327.71					29.2
328.19			2.32	-0.61	34.3
328.68			2.39	-0.31	38.6
329.16			2.69	-0.52	43.3
329.65			2.52	-0.45	46.8
330.13	1.88	0.27	2.62	-0.61	51.5
330.61			2.48	-0.91	54.2
331.1			2.71	-0.48	53.1
331.58			2.72	-0.42	55.3
332.06			2.78	-0.45	54.1
332.55			2.95	-0.55	51
333.03			3.02	-0.45	54.6
333.52			3.17	-0.73	53.8
334			3.18	-0.63	52
334.18					53.3
334.35			3.39	-0.28	52.7
334.53			3.25	-0.56	52.9
334.71			3.48	-1.26	49.3
334.88	1.97	-0.95	3.52	-1.09	48.4
335.06			3.42	-0.46	50.8
335.24			3.79	-0.57	50.7
335.41	2.59	-0.06	3.7	-1.04	49.3
335.59	2.48	-0.17	3.74	-0.45	46.2
335.76	2.65	-0.51	3.86	-0.25	43.7
335.94			3.98	-0.83	41.6
336.12	2.68	-0.58	3.91	-1.2	40.2
336.29	2.75	-0.44	3.89	-0.99	40.7
336.47	2.78	-0.28	3.89	-0.97	38.2
336.65	2.75	-0.55	3.89	-1.35	36.9
336.82	2.78	-0.76	3.89	-0.99	37
337			3.91	-1.3	35
337.18	2.45	-0.36	4.04	-1.3	33.9
337.35	2.77	-0.72	3.95	-1.34	30
337.53	2.8	-0.75	4.06	-1.29	29.8
337.71	2.8	-0.8	4.09	-1.55	28.8
337.88	2.9	-0.4			28.2
338.06	3	-0.18	4.1	-1.46	29.9
338.24	2.39	-1.09	4.02	-1.29	33.8
338.41	2.63	-0.6	4.07	-1.41	36.3
338.59	3.01	-0.24			37.7
338.76	2.9	-0.45	4.15	-1.32	35.7
338.94	3.18	-0.2	4.16	-1.35	37.9
339.12	3.4	0.43	4.05	-1.6	38.7
339.47	3.08	0	3.99	-0.96	36
339.65	3.36	0.06	4.15	-1.29	35.8
339.82	3.02	0.02	4.04	-0.37	37.3
340			4.28	-0.78	34
340.2	3.33	0.08	4.15	-1.15	36.7
340.39	3.14	-0.09			35.3
340.59	3.36	0.12	4.23	-1.44	38.8
340.79	3.09	-0.04	4.03	-1.36	39.6
340.98	3.2	0.06	4.15	-1.04	38.6
341.18			4.13	-1.26	37.3
341.38			4.18	-1.31	36.1
341.54	3.37	-0.03			32
341.73	3.15	-0.05			31.3
341.93	2.96	-0.15			35.3
342.13	2.71	-0.31	4.08	-1.31	38.3
342.32	3.3	0.49			38.3
342.52	3.21	0.34	3.92	-1.05	38.6
342.72	3.34	0.38	4.15	-0.74	39.8
342.91	3.3	0.39	4.1	-1.27	38.5
343.11	3.48	0.3			38.5
343.31	3.27	0.12	4.11	-0.74	38.5
343.5	3.34	0.51	4.11	-1.08	39.3
343.7	3.57	0.66	4.18	-0.93	39.7
343.9	3.46	0.71	3.98	-1.11	40.8
344.09			4.1	-1.03	40.3
344.29	3.25	0.45	4.03	-1.13	40.9
344.49	3.28	0.51	4	-1.36	38.9
344.69	3	0.02	4.02	-1.23	42.6
344.88	3.29	0.43	4.02	-0.8	45.4
345.08	3.13	0.13	4.02	-1.18	43.2
345.28	3.1	0.25	3.9	-0.64	43.6
345.47			3.9	-1.17	44.3
345.67	3.11	0.44	3.91	-1.28	43.4
345.87	2.96	0.09			44.4
346.06	3.2	0.41	4.02	-1.06	48.9
346.26	3.08	0.04	3.93	-1.16	41.3
346.46	2.91	0.13	3.82	-1.22	42.3
346.65	2.99	0.06	3.93	-1.2	43.6
346.85	2.82	0.07	3.92	-0.92	47.8
347.05	2.87	0.11	3.98	-0.95	48.3
347.24	3.12	-0.03	3.88	-0.89	55.3
347.44	3.23	0.25	4	-1.28	55.3
347.64	3.32	0.23	3.87	-0.97	54.2
347.83	3.25	0.19	3.8	-0.88	48.5
348.03	3.16	0.29	3.73	-1.21	49.1
348.23	2.93	0.05	3.81	-1.14	52.5
348.43	3.07	-0.09	3.66	-0.79	50.8
348.62	2.84	-0.01	3.68	-1.14	53.7
348.82	2.88	0.25	3.79	-1.08	52.3
349.02	2.9	0.06	3.65	-1.3	51.3
349.21	3.06	0.53	3.76	-1.22	47.9
349.41	2.95	0.3	3.82	-1.17	45.7
349.61	2.69	-0.26	3.71	-1.45	46.8
349.8	2.98	0.18	3.75	-1.3	42
350	2.95	-0.05	3.65	-1.45	42.2
350.34	3.09	-0.08	3.81	-0.95	43
350.69	2.85	-0.04	3.7	-1.58	43.4
351.03	2.77	-0.46	3.7	-1.23	41.5
351.38	2.78	-0.42	3.76	-1.13	38.4
351.72	3.01	-0.01	3.71	-1.48	36.4
352.07	2.85	-0.19	3.82	-1.13	35.5
352.41	2.85	-0.74	3.79	-1.32	33.3
352.76	2.85	-0.54	3.83	-1.48	34.6
353.1	3.04	-0.05	3.8	-1.15	34.8
353.45	3.08	-0.15	3.82	-1.19	33.9
353.79	2.78	-0.3	3.83	-1.01	33.7
354.14	2.94	-0.27	3.82	-1.61	33.3
354.48	3	-0.54	3.94	1.1	29.9
354.83			3.86	-1.3	31.3
355.17	3.01	0.18	3.87	-1.25	29.3
355.21	2.96	-0.31	3.96	-0.61	28.9
355.52	3	-0.28	3.85	-1.27	29
355.86			3.92	-1.19	28.3
356.21	3.07	-0.08			25.7
356.55	2.63	-0.5	3.75	-1.39	25.3
356.9	2.5	-0.37			24.6
357.24	2.93	-0.26	3.85	-1.44	19.6
357.59	2.79	-0.55			18.2
357.93	2.86	-0.22	3.84	-0.83	16.9
358.28	2.8	-0.31	3.91	-1.57	16.5
358.62	2.94	0.33	3.98	-1.05	16
358.97	2.92	0.19	3.83	-1.15	16.6
359.31	2.97	0.04	3.88	-1.08	16.6
359.66	2.95	-0.08	3.75	-1.08	18.4
360	2.91	-0.21	3.9	-1.2	18.4
360.25	2.99	-0.05	3.85	-1.05	18.5
360.51	2.82	-0.44	3.9	-1.4	22.8
360.76	3.19	0.41			25.3
361.02			3.93	-1.24	28
361.27	2.97	-0.07	3.88	-0.89	28.1
361.52	2.81	-0.21	3.9	-1.42	30.2
361.78	3.03	-0.01	3.87	-1.26	28.6
362.03	3.01	-0.02			26.7
362.29	2.82	0.03			27.3
362.54			3.78	-1.46	29.5
362.79	2.86	-0.32	3.72	-1.11	30.8
363.05	3.04	0.12	3.8	-1.05	25.5
363.3			3.77	-1.14	26.6
363.55	3	0.2	3.67	-0.77	27.3
363.81			3.75	-1.32	23.8
364.06	3.15	0.22	3.73	-1.08	18.9
364.32	2.98	0.12	3.64	-1.21	17.6
364.57	3.04	0.41	3.64	-1.01	19.4
364.82	3.07	0.63	3.65	-1.02	21.5
365.08			3.7	-1.04	24.4
365.33	3	0.57	3.73	-1.26	25.5
365.59	2.96	0.17	3.66	-1.3	25.6
365.84	2.83	0.05	3.69	-0.96	24.3
366.09	2.91	0.01	3.68	-0.98	26.4
366.35	2.95	-0.13	3.66	-0.86	20.8
366.6	2.88	0	3.57	-1.13	19.8
366.86	2.8	-0.07	3.65	-1.16	24.6
367.11	2.75	-0.06	3.57	-1.27	31.5
367.36	2.73	-0.17	3.53	-1.04	37.3
367.62	2.87	0.1			37.5
367.87	2.85	0.44	3.4	-1.12	29.6
368.12	2.71	-0.07	3.36	-0.8	18.4
368.38	2.65	0.04	3.3	-1.14	15.9
368.63	2.49	-0.24	3.54	-1.26	12.6
368.89	2.53	-0.18	3.66	-0.94	12.3
369.14	2.61	-0.19	3.65	-1.37	15.7
369.39	2.46	-0.05	3.53	-1.35	20.3
369.65	2.54	-0.18	3.61	-1.03	26.1
369.9	2.73	0.32	3.68	-0.55	28.3
370	2.65	0.17			27.1
370.26	2.64	0.23	3.54	-0.77	29.5
370.51			3.56	-0.89	23.8
370.77	2.76	0.51	3.56	-1.13	15.4
371.02	2.71	0.02	3.5	-0.94	19.2
371.27	2.61	0.11	3.54	-0.83	16.1
371.53	2.5	0	3.52	-1.19	15.6
371.78	2.52	-0.27	3.51	-1.11	13.7
372.04			3.53	-1.08	15.1
372.29	2.59	-0.07	3.57	-1.14	21.3
372.54	2.67	0.23	3.59	-1.03	23.9
372.8	2.68	0.08	3.49	-1.38	24.9
373.05			3.42	-0.93	26.7
373.3			3.54	-0.95	22.8
373.56	2.68	0.15	3.35	-1.05	14
373.81	2.68	0.05	3.48	-1.33	14.3
374.07	2.47	0.06	3.45	-1.36	16.1
374.32	2.9	0.03	3.5	-0.8	20.2
374.57	2.45	0.22	3.61	-0.59	21.3
374.83	2.67	0.32	3.54	-1.3	23.1
375.08	2.72	0.45	3.52	-0.95	24.6
375.34	2.95	0.36	3.54	-0.94	25.7
375.59			3.59	-0.78	26.4
375.84	2.71	0.09	3.54	-0.37	26.6
376.1	2.65	-0.15	3.46	-0.37	26.7
376.35	2.45	-0.06			26.6
376.61	2.73	0.45	3.48	-0.32	31.4
376.86	2.56	0.2	3.51	-0.28	30
377.11	2.75	0.53	3.57	-0.11	32.6
377.37	2.59	0.23	3.52	-0.64	29.1
377.62	2.54	-0.18	3.61	-0.49	25.8
377.87	2.47	-0.39	3.45	-0.22	21.1
378.13	2.42	0.14	3.46	-0.56	14.8
378.38			3.33	-0.71	6.9
378.64	2.46	0.2	3.32	-1.74	4
378.89	2.62	0.36	3.55	-1.08	4.4
379.14	2.44	0	3.47	-0.94	6.3
379.4	2.43	0.1	3.52	-0.56	10.1
379.65	2.54	-0.14	3.5	-0.55	11.5
379.91	2.86	0.24	3.57	-0.6	11.9
380.16	2.71	0.23	3.5	-0.69	12
380.41	2.55	-0.07	3.58	-0.85	10.8
380.67	2.5	0.34	3.53	0.06	13.7
380.92	2.58	0.53	3.44	-0.55	12.4
381.18	2.4	0.29	3.45	-0.33	20
381.43	2.57	0.48	3.32	-0.72	18.8
381.68	2.71	0.27	3.55	-0.43	20.3
381.94	2.52	0.47	3.58	-0.28	16.4
382.19	2.56	0.26	3.47	-0.12	16.8
382.45	2.52	0.56	3.48	-0.2	17.1
382.7			3.43	-0.36	12.9
382.95	2.08	0.07	3.42	-0.14	12
383.21	2.6	0.24	3.46	-0.56	11
383.46	2.4	-0.03	3.41	-0.48	14.3
383.71	2.36	0.41	3.39	-0.55	17.8
383.97	2.46	0.34			16.4
384.22	2.58	0	3.44	-0.01	17.2
384.48			3.37	-0.06	25.2
384.73	2.32	0.14	3.22	-0.1	14.6
384.98					15.8
385.24	2.4	0.2	3.32	-0.06	19.4
385.49	2.6	0.78			16.3
385.75			3.17	-0.54	7
386			3.32	-0.63	5.5
386.32	2.3	-0.16	3.22	-1.01	9.2
386.63	2.2	0.26	3.31	-0.25	16.9
386.95	2.34	0.43	3.45	-0.5	20.3
387.26	2.36	0.89	3.37	0.13	21.1
387.58	2.31	0.52	3.22	0.44	24
387.89			3.25	-0.01	23.1
388.21	2.29	0.8	3.35	-0.49	26.9
388.53	2.17	-0.01	3.25	-0.41	26.3
388.84	2.31	0.6	3.39	-0.14	23.1
389.16	2.34	0.31			15.3
389.47	2.35	0.59	3.17	-0.3	4.3
389.79	2.46	0.42	3.25	-0.26	2.2
390.11	2.03	0.3	3.26	-0.71	2.5
390.42	2.18	-0.03			2.1
390.74	2.04	-0.27	3.32	-0.33	5.3
391.05			3.3	-0.56	12.1
391.37			3.49	-0.54	8.5
391.68					8.3
392			3.29	-0.22	7.2
392.55					7.3
393.1	2.25	0.49	3.38	-0.12	6.1
393.66	2.47	0.2			4.8
394.21	2.07	-0.25			4.3
394.76					4.7
395.31					3.7
395.86					5.2
396.41			3.09	-0.1	8
396.97	2.17	0.46	3.19	-0.31	7.8
397.52			3.09	-0.02	10.3
398.07			3.05	0.48	11.9
398.62			2.76	0.45	11.9
399.17			2.89	0.34	12.8
399.72			2.74	0.36	12.5
400.28			2.73	0.52	13.8
400.83			2.63	0.11	13.3
401.38					16.5
401.93			2.58	0.66	16.4
402.48					15.5
403.03			2.63	0.46	13.9
403.59					11.6
404.14			2.5	0.5	11.4
404.69			2.41	0.02	11.7
405.24			2.43	-0.2	11.8
405.79			2.45	0.65	13.4
406.34			2.36	0.2	12.9
406.9			2.34	-0.32	14.2
407.45			2.33	-0.39	16.3
408			2.31	-0.09	15.9
408.4			2.27	0.15	13.5
408.8					13.3
409.2					13.6
409.6			2.46	0.01	15
410			2.35	0.5	16.5
410.4			2.29	0.1	16
410.8			2.39	0.47	16.3
411.2					16
411.6			2.4	-0.34	17.3
412			2.45	0.21	16.8
412.4					18.7
412.8			2.54	0.17	20.4
413.2			2.44	0.37	23.5
413.6					23.8
414					24.2
414.4			2.59	0.38	24
414.8			2.63	-0.04	27
415.2			2.48	-0.04	32.4
415.6			2.75	0.05	34.6
416			2.72	-0.24	35.6
416.4	1.75	1.27	2.72	-0.01	41.3
416.8			2.83	0.09	44.1
417.2			2.83	0.12	45.1
417.6			2.73	0.2	48.1
418			2.86	-0.08	52.2
418.4			2.91	0.02	54.4
418.8	2.05	0.72			53.3
419.2	2.32	0.65	2.98	-0.08	52.4
419.6	2.21	0.52			57.3
420	2.23	0.41			58.4
420.4	2.19	0.66	2.91	0.1	59
420.8	2.33	0.57	2.94	0.1	59.6
421.2	2.32	0.57			61.6
421.6	2.38	0.56			61.8
422					61.9
422.4	2.41	0.37	3.11	0.03	63.8
422.8	2.48	0.52	3.04	-0.08	67
423.2	2.46	0.21	3.11	-0.11	66.3
423.6	2.6	0.42	3.16	0.03	70
424	2.66	0.32	3.21	-0.28	70.8
424.28	2.68	0.37	3.35	-0.29	69.4
424.56	2.66	0.15	3.18	-0.25	68.4
424.84	2.75	0.07	3.45	-0.27	68.6
425.12					65.6
425.4	2.71	0.38			64.6
425.68	2.59	0.16			62.8
425.96	2.7	0.14			61.4
426.23	2.92	0.18			64.3
426.51	2.49	-0.26	3.65	-0.19	62.2
426.79			3.68	-0.19	57.4
427.07	2.71	-0.38	3.82	-0.45	55.2
427.35	2.71	-0.14			55.3
427.63	3.19	0.3	3.98	-0.43	57.6
427.91	3	0.19			54.2
428.19	3.14	-0.18	4.25	-1.06	56.8
428.47	3.14	-0.21	4.16	-0.94	54.8
428.75	2.9	-0.51			51.6
429.31	3.11	-0.25	4.25	-1.13	48.1
429.59	3.42	-0.09	4.35	-1.35	50.3
429.87	3.21	-0.17	4.33	-1.14	52.7
430.15	3.33	-0.49	4.3	-0.97	54.1
430.42	3.27	-0.11	4.28	-1.17	49.3
430.7	3.26	-0.22	4.27	-0.99	49.1
430.98	3.11	-0.66	4.17	-1.3	45.2
431.26	3.14	-0.68	4.4	-0.72	46.9
431.54	3.34	-0.81	4.34	-1.04	47.6
431.82	3.59	-0.07	4.29	-1.13	47.9
432.1	3.39	-0.39	4.42	-1.06	47
432.38	3.42	-0.45	4.33	-1.34	46.1
432.66	3.39	-0.28	4.38	-1.03	47.8
432.94	3.48	-0.27	4.38	-1.51	50.2
433.22			4.44	-0.93	51
433.5			4.36	-1.14	50.9
433.78			4.43	-1.19	51.1
434.04	3.56	0.12	4.29	-0.94	51.8
434.21	3.4	-0.24	4.5	-1.15	55.2
434.39	3.61	0.13	4.3	-1.36	53.3
434.57	3.25	-0.24	4.28	-1.46	53.4
434.75	3.62	-0.02	4.35	-0.88	52.7
434.93	3.64	-0.32	4.34	-1.45	51.1
435.11	3.53	-0.05	4.23	-1.23	53.1
435.29	3.35	-0.12	4.38	-1.52	52.9
435.46	3.47	-0.39	4.31	-1.28	52.6
435.64	3.3	-0.2	4.48	-1.12	50.8
435.82	3.22	-0.16	4.41	-0.85	51.1
436	3.21	-0.22	4.44	-0.99	45.2
436.18	3.41	-0.05	4.36	-1.02	46.8
436.36	3.44	-0.15	4.3	-1.47	44
436.54	3.4	-0.3	4.19	-1.23	44.3
436.71	3.11	-0.64	4.25	-1.68	40.2
436.89	3.35	-0.22	4.3	-1.53	34.8
437.07	3.27	-0.15	4.23	-1.1	32.1
437.25	3.14	-0.36	4.21	-1.29	29.8
437.43	3.11	-0.83	4.25	-1.25	25.7
437.61	3.29	-0.52	4.3	-1.03	25.8
437.79	3.06	-0.54	4.26	-1.22	28.7
437.96	3.23	-0.4	4.33	-1.36	28.3
438.14	3.2	-0.47			28.8
438.32	3.27	-0.46	4.26	-1.31	29.3
438.5	3.1	-0.3	4.26	-1.38	32.2
438.68	3.16	-0.28	4.27	-1.08	34.8
438.86	3.33	-0.6	4.36	-0.92	32.5
439.04	3.39	-0.18	4.26	-0.98	35.8
439.21	3.33	-0.4	4.36	-1.15	38.7
439.39			4.28	-1.35	37
439.57	3.23	0.01	4.16	-1.2	37.8
439.75	3.27	-0.33	4.13	-1.39	37.4
439.93	3.64	0.04	4.12	-1.33	38
440.11	3.48	0.03	4.2	-1.36	32.8
440.29	3.49	-0.19	4.19	-0.97	30.1
440.46	3.39	-0.13	4.22	-1.1	33.3
440.64	3.17	-0.31	4.25	-1.39	34
440.82	3.35	-0.07	4.25	-1.06	34.7
441	3.22	-0.23	4.29	-0.9	35.5
441.18	3.22	-0.12	4.28	-1.07	41.5
441.36	3.33	-0.4	4.19	-1.49	36
441.54	3.44	-0.16	4.32	-1.3	33.3
441.71	3.16	-0.43	4.25	-1.18	33.9
441.89	3.43	0.03	4.24	-1.14	30.4
442.07	3.48	-0.23	4.27	-1.37	32.9
442.25	3.3	0.17	4.23	-1.25	32.3
442.43	3.52	-0.11	4.19	-1.38	32.7
442.61	3.46	0.02	4.24	-1.17	36
442.79	3.41	0.04	4.21	-1.29	36
442.96	3.34	0.03	4.12	-1.18	38.1
443.14	3.55	-0.03	4.19	-1.22	38.5
443.32	3.33	-0.02	4.13	-1.04	40.6
443.5	3.29	-0.43	4.07	-1.07	43.3
443.86			4.14	-1.23	38.3
444.04	3.39	-0.14	4.09	-0.83	39.3
444.21	3.33	-0.11	4.1	-1.3	40
444.39	3.3	-0.01	4.15	-1.2	41.3
444.57	3.06	-0.19	4.16	-0.91	41.7
444.75	3.22	0.01	4.09	-1.05	40.8
444.93	3.28	-0.06	4.15	-1.11	40.2
445.11	2.83	-0.02	4.16	-1.49	41.4
445.29	3.06	-0.42	4.16	-1.13	42.2
445.46	2.83	-0.39	4.16	-1.47	40.8
445.64			4.16	-1.35	40.9
445.82	3.08	-0.23	4.07	-1.26	42.7
446	2.94	-0.24	4.14	-1.32	41.7
446.18	3.1	0.07	4.13	-1.06	42.4
446.36	3.18	-0.12	4.02	-1.34	43.6
446.54	2.84	-0.44	4.09	-1.16	43.9
446.71	2.92	-0.18	4.03	-1.15	45.5
446.89	3.16	-0.12	4.07	-1.01	46.5
447.07	3.04	-0.49	4.06	-1.1	46.3
447.25			3.96	-1.17	47.4
447.43	2.84	-0.5	4.03	-1.03	48
447.61	2.78	-0.28	4.1	-1.18	47
447.79	2.66	-0.37	4.09	-0.96	46.9
447.96			4.09	-0.92	50.2
448.14	2.98	-0.11	4.01	-1.2	49.6
448.32	2.87	-0.21	4	-1.36	48.8
448.5	2.84	-0.31	3.92	-1.16	48.8
448.68	2.91	-0.22	4.1	-1.18	50.7
448.86	2.95	-0.27	4.03	-1.07	55.2
449.04			4.01	-0.92	57.2
449.21	3.1	-0.04	3.97	-1.03	59.2
449.39	3.03	-0.1	3.87	-0.66	60.4
449.57	3.07	0.05	3.87	-0.9	61
449.75	3.13	0.19	3.9	-1.15	55.3
449.93	2.93	-0.09	3.96	-0.93	47.6
450.11	2.67	-0.39	3.83	-0.8	49.4
450.29	2.68	-0.1	3.93	-0.99	51.4
450.46	2.88	-0.05	3.92	-1.38	47.5
450.64	2.95	-0.02	3.94	-1.05	45.5
450.82	2.83	-0.23	3.92	-1.17	39.3
451	2.9	-0.07	3.95	-0.93	39.1
451.18	2.67	-0.33	3.94	-1.42	43.3
451.36	2.74	-0.35	3.94	-1.03	43.3
451.54			3.94	-1.14	40.8
451.71			3.91	-0.95	35.8
451.89	2.78	-0.31	3.87	-1.04	41
452.07	2.64	-0.34	3.85	-0.81	45
452.25			3.85	-1	54.2
452.43			3.88	-0.61	52.8
452.61			3.86	-0.96	46.4
452.79			3.83	-1.05	41.8
452.96			3.79	-1.27	35.7
453.14			3.79	-1.11	37.5
453.32			3.76	-1.15	36
453.68			3.8	-0.91	30.4
453.86			3.98	-0.95	29.5
454.04			3.88	-1.25	27.3
454.21			3.84	-0.97	25.2
454.39			3.92	-0.97	23.8
454.57			3.89	-1.19	23.6
454.75			3.87	-0.9	22.8
454.93			3.85	-1.11	20.8
455.11			3.83	-0.93	21.1
455.29			3.82	-1.06	20.4
455.46			3.83	-1.06	20.2
455.64			3.83	-1.2	20.8
455.82			3.83	-1.16	21.2
456			3.89	-1.03	24.3
456.18			4.01	-1.09	24.7
456.36			3.95	-1.22	27.3
456.54	2.88	-0.05	3.92	-1	31.3
456.71	2.73	-0.16	3.88	-1.07	33.2
456.89	2.63	-0.24	3.89	-1.19	36.2
457.07	2.93	-0.1	3.92	-1.17	39.3
457.25			3.83	-0.87	38
457.43			3.8	-0.65	30.8
457.61			3.68	-1.04	22.7
457.79			3.82	-0.95	27.6
457.96			3.8	-1.42	33.8
458.14			3.88	-0.95	38
458.32			3.79	-1.25	41.2
458.43			3.8	-0.62	48.7
458.61			3.88	-0.99	46.3
458.79			3.81	-0.73	44.8
458.96			3.83	-0.28	40.2
459.14					27.7
459.32			3.72	-1.27	19.4
459.5			3.8	-0.92	20.9
459.68			3.74	-1.03	18.8
459.86			3.85	-1.23	18.3
460.04			3.83	-1.1	19.8
460.21	2.78	0.07	3.81	-1.35	17.3
460.39			3.83	-1.21	16.8
460.57	2.74	-0.2	3.81	-0.96	18.5
460.75	2.81	0.01	3.85	-1.28	20.3
460.93	2.82	-0.3	3.86	-0.92	23.5
461.11	2.64	-0.29	3.79	-0.96	20.9
461.29	2.99	-0.13	3.87	-0.55	19
461.46	2.8	0.15	3.87	-1.2	20.8
461.64	2.69	-0.01			25.2
461.82			3.87	-1.11	25.2
462	2.78	0.15	3.84	-1.16	25.5
462.18	2.69	0.05	3.82	-1.41	28.8
462.36	3.02	0.28	3.85	-1.25	28.4
462.54	2.9	0.02	3.83	-1.45	25.8
462.71	2.89	0.27	3.73	-1.24	25.1
462.89	2.69	-0.08	3.93	-1.39	26.3
463.07	2.91	0.09	3.82	-1.03	25.3
463.25	2.76	-0.1	3.82	-1.24	24.8
463.43			3.69	-0.92	29.1
463.61	2.86	0.24	3.79	-0.95	27.1
463.79	2.83	0.14	3.72	-0.81	27.8
463.96	2.49	-0.24	3.8	-0.69	27.7
464.14			3.74	-0.75	31.3
464.32	2.87	0.08	3.64	-1.1	34.5
464.5			3.72	-1.22	34.3
464.68			3.71	-1.01	37
464.86	2.68	-0.02	3.62	-1.04	38.3
465.04	2.3	-0.17	3.62	-0.7	35.8
465.21	2.79	0.25	3.68	-0.59	29.6
465.39	2.5	-0.18	3.73	-0.9	22.4
465.57	2.56	-0.19	3.71	-1.18	23.8
465.75	2.63	-0.3	3.74	-0.95	23.2
465.93			3.65	-1.14	21.9
466.11			3.61	-1.43	20.4
466.29	2.62	-0.08	3.73	-1.42	22.4
466.46	2.48	-0.1	3.73	-1.11	22.7
466.64	2.56	-0.21	3.69	-1	23.6
466.82	2.63	-0.23	3.7	-1.09	23.3
467	2.72	0.06	3.66	-1.04	24.6
467.18	2.61	-0.02	3.76	-1.33	26.3
467.36	2.55	0.05			24.8
467.54			3.7	-0.93	25.1
467.71			3.85	-1.13	26.5
467.89	2.64	-0.4	3.73	-0.96	29.4
468.07	2.74	0.06	3.71	-0.91	33.3
468.25			3.67	-1.02	35.3
468.43			3.7	-1.11	35.8
468.61	2.74	0.14	3.67	-0.49	
468.79	2.81	0.3	3.66	-1.02	14.2
468.96	2.69	0.37	3.65	-1.33	6.6
469.14			3.81	-0.78	8.6
469.32	2.77	-0.06	3.74	-0.77	12.8
469.5			3.75	-0.7	7.6
469.68			3.65	-1.06	4.3
469.86	2.67	0.11	3.5	-1.1	3
470.04	2.48	-0.2	3.84	-0.55	1.4
470.21			3.7	-0.39	2
470.39			3.73	-0.65	1.5
470.57			3.65	-0.8	1.8
470.75			3.91	-0.72	1.5
470.93			3.66	-1.02	2.3
471.11					0.3
471.29			3.7	-0.83	1.1
471.46			3.55	-0.55	4.1
471.64			3.51	-0.48	5.3
471.82			3.51	0.03	9.2
472	2.23	0.21	3.45	-0.03	9.1
472.21	2.1	0.01	3.48	-0.25	13.8
472.41			3.3	0.01	12.8
472.62			3.41	0.13	6.3
472.82			3.26	-0.27	8.1
473.03					0.3
473.23			3.27	-0.55	2.7
473.44			3.34	-0.53	3.3
473.65			3.61	-0.44	3
473.85			3.41	-0.71	5.4
474.06			3.34	-0.89	10.2
474.26			3.44	-0.33	10.3
474.47	2.16	0.68	3.43	-0.12	13.7
474.67	1.93	0.44	3.33	-0.1	17.5
474.88			3.33	0.1	14.6
475.09			3.24	0	10.8
475.29			3.25	0.14	18.3
475.5			3.23	0.13	15.7
475.7			3.16	-0.05	13.8
475.91					6.6
476.12			3	-0.22	5.5
476.24	2.03	0.51	3.13	0.19	10.2
476.44			3.12	0.04	3.3
476.65			3.13	-0.09	8.4
476.86			3.07	0.02	7.3
477.06					7.5
477.27	2	0.01	3.17	-0.47	11.8
477.47	2.05	0.59	3.26	-0.1	14.8
477.68	2.04	0.65	3.18	0.05	15.1
477.88			3.15	0.18	13.5
478.09			3.18	0.26	11.3
478.3	2.14	0.28	3.11	0.2	29
478.5			3.05	0.28	23.8
478.71			3.07	0.29	27.2
478.91			3.01	0.41	25.1
479.12			3.05	-0.08	28.5
479.33	2.52	0.44	3	-0.1	25.3
479.53			3.05	0.36	21.2
479.74			3.03	0.21	20.4
479.94			3.1	0.27	24.3
480.15			2.97	-0.14	16.6
480.35	1.95	0.46	3	-0.04	26.8
480.56			2.96	0.21	20
480.77			3.04	0.15	11.6
480.97			2.99	0.34	14.2
481.18					14.7
481.38	1.96	0.92	2.98	0.25	12.9
481.59			3	0.53	14.8
481.79	2.02	0.91	2.99	0.19	14.8
482	1.97	0.78	2.98	0.69	18.9
482.62	1.89	0.55	3	0.2	20.3
483.24	1.71	0.25	3.16	0.22	17.1
483.87			3.05	0.1	15.8
484.49	1.98	0.49	3.06	0.15	17.4
485.11			3.08	0.2	13.3
485.73	1.99	0.06	3.11	-0.07	15.7
486.36	1.85	0.12	3.12	0.27	15.8
486.98			3.1	0.21	8.8
487.6			3.12	0.27	12.3
488.22			3.21	0.24	12.6
488.84	1.88	0.48			13.8
489.47	2.15	0.2	3.09	0.45	17.8
490.09	2.12	0.65	3.14	0.28	19.8
490.71			3.14	0.35	22.9
491.33	1.97	0.61	3.07	0.33	25.4
491.96	2.18	0.81	3.03	0.15	25.4
492.58	2	0.15	3.05	0.24	23.1
493.2	1.96	0.53	3.26	0.05	28.6
493.82	2.18	0.8	3.25	-0.14	30.1
494.44	2.17	0.41	3.14	0.2	32.3
495.07	2.08	0.17	3.31	0.15	32.8
495.69	1.86	0.09	3.32	-0.47	34.9
496.31			3.25	-0.18	36.8
496.93	2.19	0.32	3.25	0.04	36.3
497.56	2.18	0.02	3.26	0.03	36.4
498.18	2.35	0.67	3.27	0.2	37.9
498.8	2.23	0.22	3.33	-0.11	34.5
499.42	2.23	0.94	3.29	0.2	36.9
500.04	2.2	0.45	3.37	0.26	33.2
500.67	2.17	0.55	3.32	0.11	26.3
501.29	2.14	-0.12	3.28	-0.12	22.5
501.91	2.37	0.5	3.41	-0.34	28.9
502.53			3.34	0.02	35.7
503.16			3.33	0.46	38.2
503.78	2.15	-0.02	3.42	-0.12	37.7
504.4	2.51	0.54	3.46	0.08	32.8
505.02			3.57	-0.26	30.8
505.64	2.49	1.66	3.58	-0.15	26.7
506.27			3.48	-0.4	32.3
506.89	2.46	0.26	3.56	0.09	35.3
507.51			3.58	0.15	35.7
508.13	2.46	0.2	3.55	-0.03	33.9
508.76	2.49	-0.03	3.54	0.14	35.8
509.38					31.3
510			3.63	0.4	32.2
510.36			3.6	-0.09	31.2
510.72	2.47	0.25	3.52	0.05	29
511.08	2.47	0.38	3.64	0.65	32.7
511.44			3.61	-0.02	32.8
511.8			3.62	0.05	33.3
512.16			3.54	-0.35	35.6
512.52			3.54	0.07	34.8
512.88	2.26	-0.04	3.55	0.09	37.5
513.24	2.69	0.36	3.46	-0.07	36.4
513.6			3.43	0.15	37.8
513.96	2.35	0.63	3.43	-0.16	40.5
514.32			3.43	-0.16	39.4
514.68	2.21	0.88	3.44	0.11	43.3
515.04	2.53	0.06	3.56	-0.12	41.3
515.4	2.14	0.47	3.42	0.12	47.2
515.76	2.1	0.68	3.44	0.51	50.7
516.12	2.54	0.39	3.3	0.11	45
516.48	2.22	0.04	3.39	0.23	47.5
516.84	2.14	-0.12	3.42	0.24	48.3
517.2			3.41	0.32	48.8
517.56	2.33	-0.02	3.33	0.21	50.6
517.92	2.01	0.14	3.42	0.13	53.8
518.28	2.61	0.96			51.1
518.64	2.6	0.9	3.38	-0.21	49.8
519	2.55	0.52	3.32	-0.05	48.3
519.36	2.13	0.69			53.8
519.72	2.34	0.23	3.28	-0.14	51.7
520.08			3.31	-0.19	
520.44			3.34	-0.55	
521.52					54.2
521.88	2.14	0.15			50.7
522.24	2.41	0.8	3.27	-0.33	51.2
522.6	2.52	0.38	3.21	-0.46	48.9
522.96	2.38	0.34	3.48	-0.79	50.6
523.32	2.68	0.71	3.4	-0.49	57.4
526.48			3.35	-0.35	62.1
526.84	2.74	0.42	3.34	-0.1	62.6
527.2	2.72	0.1	3.45	-0.15	60.3
527.56	2.74	0.34	3.48	-0.32	57.3
527.92	2.67	0.25	3.57	-0.53	55
528.28			3.49	-0.69	50.1
528.64	2.62	0.49	3.41	-0.92	44.4
529	2.48	0.02	3.49	-0.74	38.6
529.36	2.41	-0.61	3.7	-1.14	40
529.72	2.38	-0.74	3.68	-1.37	35.2
530.08	2.44	-0.92	3.68	-1.17	30.3
530.44	2.36	-0.6	3.71	-0.97	32.8
530.8	2.54	-0.49	3.75	-1.11	34
531.16	2.45	-0.42	3.77	-1.59	31.5
531.52	2.56	-0.4	3.83	-1.27	32.4
531.88	2.63	-0.28	3.8	-0.65	36.1
532.24	2.55	-0.83	3.93	-1.25	29.6
532.6	2.71	-0.63	3.91	-0.57	24.4
532.96	2.65	-0.56	3.8	-1.04	23.6
533.32	2.55	-0.45	3.72	-1.31	27.9
533.68	2.48	-0.54	3.89	-1.58	29.8
534.04	2.53	-0.45	3.82	-1.54	32.4
534.4	2.46	-0.58	3.87	-1.57	30.8
534.76	2.6	-0.33	3.8	-1.45	35.3
535.12	2.61	-0.7	3.72	-1.33	40.2
535.48	2.56	-0.82	3.82	-1.18	45.5
535.84	2.47	-0.49	3.83	-1.16	43.1
536.2	2.56	-0.41	3.81	-0.78	45.1
536.56	2.43	-0.67	3.78	-1.16	44.8
536.92	2.55	-0.42	3.78	-1.13	44
537.28	2.46	-0.65	3.75	-0.58	41.7
537.64	2.33	-0.87	3.8	-1.23	44.9
538	2.48	-0.64	3.76	-1.34	42.8
538.31	2.6	-0.54	3.78	-1.25	41.2
538.62	2.66	-0.43	3.78	-1.57	40
538.93	2.6	-0.62	3.84	-0.95	38.3
539.24	2.44	-0.66	3.86	-0.59	38.7
539.56	2.29	-0.67	3.83	-1.06	38.1
539.87	2.27	-0.7	3.77	-0.9	32
540.18	2.31	-0.68	3.73	-1.57	32
540.49	2.6	-0.64	3.79	-1.24	21.7
540.8	2.26	-0.65	3.79	-1.06	11.8
541.11	2.37	-0.45	3.74	-1.51	7.8
541.42	2.3	-0.53	3.8	-1.38	11
541.73	2.59	-0.47	3.75	-1.18	19.6
542.04	2.54	-0.54	3.79	-1.39	19.4
542.36	2.9	-0.41	3.78	-1.11	14.2
542.67			3.71	-1.17	12.9
542.98	2.66	-0.57	3.75	-1.18	14
543.29	2.35	-0.65	3.73	-1.29	11.9
543.6	2.47	-0.53	3.71	-0.45	11.2
543.91	2.82	-0.06	3.77	-0.88	8.3
544.22	2.42	-0.56	3.7	-1.17	10.2
544.53	2.52	-0.3	3.7	-0.91	10.6
544.84			3.68	-0.85	11.3
545.16	2.28	-0.85	3.58	-0.76	12.3
545.47	2.4	-0.3	3.63	-1.09	12.7
545.78	2.57	-0.61	3.6	-0.98	12.4
546.09	2.56	-0.28	3.72	-0.72	11
546.4	2.4	-0.13	3.63	-0.85	10.3
546.71			3.57	-0.9	10.6
547.02	2.46	-0.37	3.59	-0.98	9.2
547.33	2.69	0.14	3.81	-0.74	6.1
547.64			3.5	-0.56	8.4
547.96	2.38	-0.4	3.59	-0.64	5.4
548.27	1.99	-0.45	3.56	-1.02	5.6
548.58			3.78	-0.73	2.9
548.89			3.68	-1.2	6.2
549.2			3.52	-0.34	2.5
549.51			3.5	-0.96	2.8
549.82	2.33	-0.01	3.43	-0.93	9.6
550.13	2.31	-0.33	3.55	-0.45	13.4
550.44	2.39	-0.14	3.34	-0.61	17.7
550.76			3.37	-0.52	11
551.07			3.35	-0.55	4.1
551.38	2.26	0.01	3.5	-0.87	0.9
551.69	2	-0.39			5.2
552	2.23	-0.45	3.4	-1.13	8.5
552.59	2.17	-0.3	3.34	-0.45	7.9
553.19	2.23	-0.2	3.43	-0.24	13.7
553.78	2.31	-0.02	3.31	0.27	17.8
554.38	2.41	0.11	3.22	-0.09	19.3
554.97			3.23	-0.16	19.4
555.57			3.21	-0.03	13.7
556.16			3.19	-0.28	9.1
556.76			3.36	-0.07	6
557.35					0
557.95					0.3
558.54					0.3
559.14					0
559.73					0
560.32					0.4
560.92					0.4
561.51					0.3
562.11			3.37	0.11	1.3
562.7			3.42	0.47	0.3
563.3					0.3
563.89					0.3
564.49					0
565.08					0
565.68					0
566.27					0.2
566.86					0.3
567.46					1
568.05			2.94	0.16	1.5
568.65			2.84	0.12	5.1
569.24			3.03	-0.23	4.6
569.84			2.82	0.19	7.1
570.43			2.83	-0.17	8.4
571.03			2.94	-0.09	10.1
571.62					14.1
572.22					13.3
572.81			2.73	-0.13	14.7
573.41			2.74	-0.18	16.3
574					18.8
575.91			3.24	0.23	16
577.27			3.25	-0.68	12.5
578.64			3.2	-0.35	11.3
580			3.48	-0.31	9.8
580.29			3.1	-0.29	11.3
580.58			3.47	-0.1	3.1
580.87					0.4
581.17					1.1
581.46					0.8
581.75					0.4
582.04					0.4
582.33					0.4
582.62					0.5
582.92					0.8
583.21					0.7
583.5					0.4
583.79					0.5
584.08					0.9
584.37					1
584.67					1.2
584.96					7.8
585.13					0.8
585.25					0
585.54					0
585.83					0
586.12					0
586.42					0
586.71			3.08	-0.32	0
587					0
587.29					0
587.58					0
587.88					0
588.17					0
588.46					0
588.75					0.3
589.04					0.3
589.33					0.9
589.63					0
589.92					0
590.21					0
590.5			3.38	-0.36	0.2
590.79					1.4
591.08			3	-0.09	1.8
591.38					2.6
591.67			3.1	-0.09	2.6
591.96			2.79	0.08	8.9
592.25			2.85	-0.19	9.3
592.54			2.93	-0.31	7.8
592.83			2.82	-0.5	8.1
593.13			2.81	0.26	13.6
593.42					22.6
593.71			2.64	-0.38	22.2
594			2.72	-0.27	21.3
594.4			2.6	-0.39	22.1
594.8					21.7
595.2			2.56	-1.15	21.8
595.6					21.6
596			2.74	0.02	21.8
596.4			3.3	-0.82	11.8
596.8			2.93	-0.38	10.6
597.2			3.17	-1.16	12.1
597.6					22.2
598			2.74	-0.32	18.9
598.4			2.8	-0.31	13.9
598.8			3.21	-1.07	11.9
599.2			2.72	-0.11	10.1
599.6			3.41	-0.91	10.2
600			3.58	-0.8	9.1
600.4					11.2
600.8			3.6	-0.45	11.4
601.2			3.54	-0.73	8.6
601.6			3.56	-0.65	8.3
602			3.53	-0.12	4.7
602.4			3.54	-0.7	6.9
602.8			3.48	-0.31	5.4
603.2			3.69	-0.58	7.6
603.6					6.5
604			3.58	-0.99	6.1
604.36					8.8
604.71			3.5	-0.83	14.5
605.07			3.53	-0.43	19.5
605.43			3.52	0.06	16.1
605.79			3.39	-0.78	15.3
606.14			3.38	-0.61	16.8
606.5			3.42	-0.37	17.8
606.86			3.34	-0.49	18.8
607.21			3.35	-0.57	16.8
607.57			3.34	-0.61	17.6
607.93			3.38	-0.73	16.8
608.29			3.36	-0.52	17.4
608.64			3.35	-0.52	17.8
609			3.39	-0.29	15.7
609.36			3.39	-0.85	18.8
609.71			3.36	-0.2	17
610.07			3.36	-0.34	15.9
610.43			3.37	-0.93	16.3
610.79			3.06	-0.49	15.7
611.14			3.31	-0.2	16.8
611.5			3.36	-0.4	15.3
611.86			3.31	-0.32	17.3
612.21			3.33	-0.45	17.9
612.57			3.24	-0.4	17
612.93			3.34	-0.29	17.4
613.29			3.34	-0.57	19.8
613.64			3.37	-0.85	5.9
614			3.24	-0.74	9
614.36			3.33	-0.23	13
614.71			3.32	0.05	9.4
615.07			3.24	-0.24	13
