/* DESCRIPTION:
Reference:	Wang, X., Edwards, R. L., Auler, A. S., Cheng, H., Kong, X., Wang, Y., ... & Chiang, H. W. (2017). Hydroclimate changes across the Amazon lowlands over the past 45,000 years. Nature, 541(7636), 204-207, https://doi.org/10.1038/nature20787
Data from:	https://doi.org/10.1038/nature20787. Accessed 22 Nov 2022.
Comment:	Years were converted to kyr.
	Only PAR07 is included here.
*/
Age (kyr BP)	d18O	d13C
17.957	-3.49	-9.57
17.975	-3	-10.33
17.993	-2.56	-10.08
18.011	-2.69	-10.04
18.029	-2.7	-10.02
18.108	-2.58	-9.68
18.187	-2.56	-9.5
18.265	-2.63	-9.14
18.344	-2.76	-9.13
18.423	-2.77	-9.5
18.441	-2.37	-9.39
18.46	-2.62	-9.13
18.478	-2.64	-9.55
18.497	-2.64	-9.36
18.516	-2.44	-9.53
18.534	-2.49	-9.41
18.553	-2.45	-9.3
18.571	-2.52	-9.47
18.59	-2.71	-9.31
18.609	-2.88	-9.22
18.627	-2.6	-9.7
18.646	-2.6	-9.43
18.664	-2.54	-9.32
18.683	-2.55	-9.53
18.702	-2.58	-9.47
18.72	-2.66	-9.5
18.739	-2.55	-9.64
18.757	-2.68	-9.79
18.776	-2.69	-9.68
18.795	-2.55	-9.52
18.813	-2.53	-9.51
18.832	-2.91	-9.8
18.85	-2.76	-9.72
18.869	-2.58	-9.7
18.888	-2.88	-9.58
18.906	-2.46	-9.46
18.945	-2.65	-9.38
18.983	-2.41	-9.26
19.022	-2.55	-9.43
19.061	-2.42	-9.04
19.099	-2.32	-9.12
19.138	-2.66	-9.07
19.176	-2.84	-9.04
19.215	-2.77	-9.13
19.254	-2.7	-9.09
19.292	-2.76	-9.23
19.331	-2.87	-9.53
19.37	-2.66	-9.6
19.408	-2.48	-9.48
19.447	-2.48	-9.54
19.485	-2.63	-9.51
19.524	-2.52	-9.6
19.563	-2.5	-9.2
19.601	-2.56	-9.59
19.64	-2.56	-9.69
19.678	-2.42	-9.62
19.717	-2.55	-9.37
19.756	-2.56	-9.79
19.794	-2.6	-9.66
19.833	-2.64	-9.62
19.871	-2.71	-9.4
19.902	-2.48	-9.62
19.933	-2.72	-9.58
19.964	-2.35	-9.48
19.995	-2.4	-9.64
20.026	-2.28	-9.25
20.056	-2.81	-9.72
20.087	-2.91	-9.73
20.118	-3.03	-9.51
20.148	-2.88	-9.44
20.178	-2.7	-9.43
20.208	-2.68	-9.54
20.239	-2.78	-9.88
20.269	-2.87	-9.87
20.299	-2.58	-9.44
20.329	-2.63	-9.65
20.36	-2.95	-9.45
20.39	-2.68	-9.41
20.42	-2.87	-9.2
20.451	-2.95	-9.04
20.481	-2.86	-9.06
20.511	-2.74	-9.1
20.533	-2.7	-9.45
20.554	-3	-9.56
20.576	-2.99	-9.61
20.597	-3.11	-9.8
20.619	-3.14	-9.77
20.641	-2.76	-9.61
20.662	-2.61	-9.65
20.684	-2.83	-9.62
20.705	-2.98	-9.76
20.727	-3.17	-9.99
20.749	-3.19	-9.97
20.77	-3.19	-10.47
27.033	-3.06	-9.66
27.083	-2.97	-8.47
27.132	-3.12	-9.45
27.181	-3.36	-10.07
27.23	-3.15	-9.05
27.279	-2.96	-9.17
27.328	-3.02	-9.04
27.377	-2.89	-8.89
27.426	-3.16	-9.55
27.475	-3.08	-9.14
27.524	-3.19	-9.03
27.574	-3.23	-9.14
27.623	-3.45	-9.31
27.672	-3.06	-8.75
27.721	-3.2	-9.07
27.77	-3.4	-9.07
27.819	-3.3	-9.7
27.868	-3.52	-8.92
27.917	-3.9	-8.71
28.009	-4.4	-9.1
28.101	-4.49	-9.06
28.192	-4.41	-9.26
28.284	-4.74	-9.49
28.376	-4.53	-8.96
28.467	-4.49	-9.14
28.559	-4.08	-9.06
28.588	-3.86	-9.23
28.617	-3.32	-9.03
28.645	-3.86	-9.21
28.674	-3.66	-9.14
28.703	-3.2	-8.61
28.732	-3.21	-8.65
28.761	-3.53	-8.47
28.79	-3.58	-9.06
28.819	-3.5	-8.55
28.848	-3.6	-8.14
28.876	-4.04	-8.84
28.905	-3.93	-8.29
28.934	-3.69	-7.81
28.963	-3.68	-7.63
28.992	-3.66	-7.74
29.021	-3.86	-7.69
29.05	-4.1	-8.01
29.079	-4.1	-8.08
29.107	-4.28	-7.91
29.136	-3.98	-8.02
29.165	-4.2	-8
29.194	-4.25	-8.04
29.223	-4.55	-8.01
29.252	-4.24	-8.34
29.286	-4.25	-7.95
29.32	-4.59	-8.13
29.355	-4.89	-8
29.389	-4.48	-7.66
29.423	-4.54	-7.62
29.457	-4.6	-7.45
29.492	-4.79	-7.23
29.52	-4.88	-7.44
29.548	-4.65	-7.34
29.576	-4.56	-8.14
29.604	-4.69	-7.97
29.659	-4.71	-8.09
29.713	-4.8	-8.3
29.768	-4.25	-8.31
29.822	-4.74	-7.94
29.876	-4.73	-8.03
29.931	-4.63	-8.31
29.985	-4.96	-8.67
30.04	-4.53	-8.49
30.094	-4.83	-7.77
30.148	-3.82	-7.76
30.203	-3.65	-7.46
30.257	-3.84	-7.19
30.312	-3.66	-7.47
30.366	-3.44	-7.4
30.421	-3.79	-7.58
30.475	-3.58	-7.9
30.529	-3.65	-7.95
30.584	-3.6	-7.79
30.638	-3.72	-7.97
30.693	-3.82	-7.69
30.747	-3.9	-7.82
30.802	-3.73	-7.77
30.856	-3.73	-7.76
30.91	-3.86	-7.49
30.965	-3.81	-7.44
31.019	-3.68	-7.47
31.074	-3.61	-8.1
31.128	-3.7	-8.26
31.182	-4.1	-8.35
31.224	-4.2	-8.06
31.266	-4.04	-8.04
31.309	-3.95	-8.06
31.351	-3.96	-8.27
31.393	-4.05	-8.4
31.435	-3.55	-8.41
31.477	-4.16	-8.61
31.519	-3.87	-8.53
31.561	-4.08	-8.46
31.603	-3.98	-8.46
31.645	-3.38	-8.35
31.687	-3.5	-8.52
31.729	-3.92	-8.46
31.771	-3.73	-8.11
31.813	-3.42	-8.08
31.855	-3.69	-8.45
31.882	-3.48	-7.62
31.91	-3.57	-7.99
31.937	-3.94	-8.9
31.964	-3.76	-8.68
31.992	-3.96	-8.9
32.019	-3.55	-8.75
32.047	-3.59	-8.97
32.074	-4.07	-8.84
32.101	-3.74	-8.96
32.129	-3.38	-8.83
32.156	-3.43	-8.68
32.183	-3.52	-9.23
32.211	-3.56	-9.24
32.238	-3.24	-9.14
32.266	-3.32	-9.04
32.293	-3.34	-8.77
32.32	-3.16	-8.82
32.348	-3.42	-8.83
32.375	-3.18	-8.26
32.403	-3.4	-8.91
32.43	-3.42	-9.16
32.457	-3.85	-9.38
32.485	-3.82	-9.16
32.512	-4.24	-9.32
32.539	-4.26	-9.62
32.553	-3.65	-8.48
32.567	-3.78	-8.86
32.58	-3.74	-8.72
32.594	-3.72	-8.54
32.608	-3.58	-8.62
32.622	-4.38	-8.63
32.635	-4.11	-8.74
32.649	-4.36	-8.63
32.663	-4.57	-8.44
32.676	-4.33	-8.69
32.69	-4.77	-8.92
32.704	-4.33	-8.67
32.717	-4.92	-8.49
32.731	-4.61	-7.87
32.745	-4.41	-8.08
32.759	-4.64	-8.56
32.774	-4.71	-8.84
32.788	-4.63	-8.52
32.802	-4.45	-8.24
32.817	-4.07	-8.09
32.831	-4.2	-8.09
32.846	-4.34	-8.01
32.86	-4.54	-8.23
32.875	-4.3	-8.15
32.889	-4.43	-8.28
32.904	-4.25	-8.11
32.918	-4.08	-8
32.933	-4.07	-7.88
32.947	-4.21	-8.22
32.962	-4.3	-8.74
32.976	-4.53	-8.8
32.991	-4.13	-8.25
33.005	-4.21	-8.43
33.019	-4.18	-8.42
33.034	-4.5	-8.6
33.048	-4.24	-8.69
33.063	-3.89	-8.41
33.077	-3.94	-8.07
33.092	-4.25	-8.2
33.106	-4.31	-8.19
33.121	-4.19	-8.29
33.135	-3.88	-8.35
33.15	-3.93	-7.8
33.164	-3.98	-7.64
33.179	-4.05	-7.72
33.193	-4.08	-8
33.208	-4.08	-7.96
33.222	-4.17	-8.31
33.237	-4.2	-7.89
33.251	-4.13	-8.51
33.283	-3.65	-8.18
33.316	-3.75	-7.95
33.348	-4.1	-8
33.38	-4.08	-8.04
33.413	-3.61	-8.49
33.445	-3.18	-7.81
33.478	-3.14	-7.66
33.51	-3.72	-7.91
33.542	-3.66	-7.73
33.575	-3.92	-8.3
33.607	-3.7	-8.15
33.639	-3.89	-7.76
33.672	-3.3	-7.55
33.704	-3.34	-7.91
33.737	-3.33	-7.67
33.769	-3.41	-7.73
33.801	-3.51	-7.52
33.834	-3.19	-7.58
33.866	-3.48	-8.09
33.898	-3.06	-6.84
33.931	-2.9	-6.76
33.963	-2.84	-6.78
33.996	-3.35	-8.06
34.028	-3.24	-7.77
34.06	-3.81	-8.64
34.074	-3.75	-8.1
34.088	-3.35	-7.65
34.102	-3.54	-7.83
34.116	-3.67	-7.5
34.13	-3.3	-7.39
34.144	-3.69	-7.78
34.158	-3.84	-8.44
34.172	-3.73	-8.28
34.181	-3.56	-8.42
34.19	-4.07	-9.15
34.199	-3.64	-8.04
34.207	-3.75	-7.37
34.216	-4.14	-7.12
34.225	-3.82	-7.33
34.234	-4.3	-7.63
34.243	-4.1	-7.96
34.251	-4.24	-8.39
34.26	-4.14	-8.77
34.269	-3.82	-8.84
34.278	-4.03	-8.76
34.309	-4.15	-8.86
34.34	-4.38	-8.51
34.37	-4.09	-8.34
34.401	-4.05	-8.78
34.432	-3.85	-8.65
34.463	-3.8	-9.12
34.494	-3.73	-8.25
34.525	-3.54	-8.23
34.555	-3.83	-8.8
34.586	-3.65	-8.7
34.617	-3.5	-8.54
34.648	-3.56	-8.39
34.679	-3.3	-8.08
34.71	-3.47	-8.58
34.74	-3.19	-8.37
34.771	-3.46	-8.59
34.802	-3.5	-8.2
34.833	-3.59	-8.52
34.864	-3.45	-8.19
34.895	-3.59	-7.83
34.934	-3.61	-8.22
34.974	-3.45	-7.95
35.014	-3.31	-7.86
35.054	-3.7	-7.81
35.093	-3.61	-7.67
35.133	-3.52	-7.38
35.173	-3.61	-8.5
35.212	-3.38	-7.8
35.252	-3.42	-7.28
35.292	-3.4	-7.55
35.332	-3.58	-8.24
35.371	-3.63	-8.32
35.411	-3.92	-8.58
35.451	-3.99	-8.76
35.473	-4.08	-8.62
35.494	-4.29	-8.37
35.516	-3.84	-7.66
35.538	-4.39	-7.81
35.56	-4.26	-7.84
35.582	-4.29	-7.86
35.604	-4.58	-8.22
35.626	-4.51	-8.97
35.647	-4.31	-8.29
35.669	-4.4	-8.64
35.691	-4.53	-8.36
35.713	-4.44	-8.62
35.735	-4.37	-8.22
35.757	-4.45	-7.72
35.779	-4.65	-8.1
35.8	-4.55	-8.01
35.824	-4.59	-8.4
35.849	-4.28	-8.1
35.873	-4.25	-8.63
35.897	-4.27	-8.52
35.921	-4.22	-8.47
35.945	-4.63	-8.44
35.969	-4.5	-8.38
35.993	-4.8	-8.72
36.017	-4.8	-9.2
36.041	-4.9	-9.04
36.065	-4.41	-8.29
36.089	-4.11	-8.36
36.113	-4.4	-9.28
36.137	-4.7	-9.14
36.161	-4.18	-9.05
36.185	-4.05	-8.56
36.209	-4.24	-8.82
36.233	-4.61	-9.18
36.257	-4.54	-8.92
36.281	-4.36	-9.12
36.305	-4.33	-8.49
36.329	-4.64	-8.98
36.353	-4.58	-8.96
36.377	-4.49	-8.99
36.401	-4.32	-8.9
36.426	-4.13	-9.36
36.45	-4.25	-9.23
36.474	-4.16	-8.6
36.498	-4.27	-9
36.522	-3.92	-8.01
36.548	-4.07	-8.65
36.575	-4.23	-8.9
36.602	-4.05	-8.5
36.628	-3.98	-8.23
36.655	-3.72	-7.61
36.681	-3.78	-8.44
36.708	-3.91	-7.95
36.735	-4.45	-8.7
36.761	-4.33	-9.13
36.788	-3.95	-8.8
36.814	-3.59	-8.33
36.841	-3.77	-8.52
36.868	-3.54	-8.7
36.894	-3.67	-8.71
36.921	-3.69	-8.71
36.948	-3.6	-8.44
36.974	-3.98	-8.2
37.001	-3.62	-8.23
37.027	-3.62	-8.23
37.054	-3.59	-8.11
37.081	-3.73	-8.33
37.107	-3.51	-8.02
37.134	-3.86	-8
37.161	-4.03	-8.71
37.187	-3.75	-8.37
37.214	-3.74	-8.85
37.24	-4.03	-9.21
37.267	-3.99	-8.72
37.294	-3.91	-9.06
37.32	-3.78	-8.72
37.347	-3.89	-8.59
37.374	-3.63	-9.42
37.4	-3.47	-8.39
37.427	-3.75	-8.63
37.453	-3.9	-8.27
37.48	-3.84	-8.49
37.507	-3.86	-8.27
37.533	-3.82	-8.67
37.56	-3.63	-8.37
37.586	-3.83	-8.13
37.613	-3.65	-8.31
37.64	-3.6	-8.07
37.666	-3.85	-7.49
37.693	-3.84	-7.59
37.72	-3.8	-7.8
37.746	-3.5	-7.55
37.773	-3.71	-7.72
37.799	-3.7	-7.57
37.826	-3.63	-7.99
37.853	-3.61	-7.5
37.877	-3.62	-7.54
37.901	-3.34	-7.01
37.925	-3.42	-6.61
37.949	-3.49	-7.12
37.973	-3.51	-6.71
37.997	-3.41	-6.89
38.021	-3.33	-6.29
38.045	-3.48	-7.26
38.069	-3.76	-7.61
38.093	-4.01	-7.45
38.117	-3.47	-7.2
38.141	-4.04	-8.3
38.165	-3.89	-7.54
38.189	-3.45	-6.24
38.213	-3.59	-7.36
38.237	-3.78	-7.33
38.261	-3.88	-7.52
38.285	-4.14	-8.35
38.309	-4.2	-8.02
38.333	-3.89	-7.43
38.357	-3.91	-7.99
38.381	-4.16	-9.23
38.405	-4.16	-9.07
38.428	-4.08	-9.32
38.45	-4.41	-9.26
38.473	-4.57	-8.86
38.496	-4.71	-9.28
38.519	-4.94	-8.84
38.541	-4.86	-8.64
38.564	-4.74	-8.83
38.587	-4.94	-8.94
38.609	-4.9	-8.7
38.632	-4.64	-8.74
38.655	-4.92	-8.72
38.678	-4.72	-8.39
38.7	-4.86	-8.88
38.723	-5	-9.16
38.746	-4.69	-8.56
38.768	-4.87	-8.84
38.791	-4.4	-8.68
38.814	-4.84	-8.49
38.837	-4.52	-8.61
38.859	-4.44	-8.24
38.882	-4.85	-8.51
38.905	-4.99	-8.02
38.927	-5.13	-8.33
38.95	-4.67	-8.11
38.973	-4.74	-8.24
38.996	-4.41	-8.04
39.018	-4.62	-8.45
39.043	-4.61	-8.5
39.067	-4.9	-8.56
39.092	-4.65	-8.5
39.116	-4.73	-8.99
39.141	-5.04	-8.54
39.165	-4.51	-8.34
39.19	-4.63	-8.45
39.214	-4.66	-8.62
39.239	-4.46	-8.74
39.263	-4.15	-8.46
39.288	-4.21	-8.26
39.312	-4.31	-8.6
39.336	-4.5	-8.86
39.361	-4.34	-8.41
39.385	-4.68	-8.68
39.41	-4.21	-8.86
39.434	-4.34	-9.1
39.459	-4.47	-9.19
39.483	-4.64	-9.05
39.508	-4.13	-8.73
39.532	-4.42	-8.9
39.557	-4.34	-8.62
39.581	-4.9	-8.85
39.606	-4.49	-8.63
39.63	-4.8	-8.7
39.654	-4.47	-8.26
39.679	-4.7	-8.4
39.703	-4.75	-8.32
39.728	-4.84	-8.44
39.752	-4.37	-8.49
39.777	-4.64	-8.25
39.801	-4.75	-8.26
39.826	-4.52	-8.29
39.85	-4.77	-8.19
39.875	-4.53	-8.27
39.899	-4.47	-8.51
39.924	-3.99	-8.08
39.948	-3.96	-8.59
39.973	-4.12	-8.27
40.003	-3.8	-7.75
40.034	-3.87	-7.79
40.064	-3.74	-6.56
40.095	-3.85	-6.91
40.126	-3.73	-6.47
40.156	-3.24	-4.93
40.187	-3.15	-5.86
40.218	-3.34	-6.54
40.248	-3.36	-6.64
40.279	-3.37	-7.21
40.31	-3.35	-6.04
40.34	-3.34	-6.8
40.371	-3.49	-6.64
40.402	-3.33	-7.79
40.432	-3.53	-7.93
40.463	-3.52	-7.61
40.47	-3.79	-7.49
40.477	-3.69	-8.46
40.484	-3.72	-8.47
40.492	-3.77	-7.46
40.499	-3.73	-7.98
40.506	-3.79	-8.11
40.513	-3.85	-7.91
40.521	-4.08	-7.74
40.528	-3.94	-7.68
40.535	-3.54	-7.81
40.542	-3.71	-8.02
40.55	-3.72	-8.05
40.557	-3.34	-7.81
40.564	-3.8	-7.85
40.571	-3.28	-7.95
40.579	-3.71	-8.2
40.586	-3.75	-8.21
40.593	-3.71	-8.2
40.6	-3.89	-8.07
40.608	-3.89	-7.97
40.65	-3.75	-7.58
40.692	-3.6	-6.74
40.734	-3.35	-7.54
40.777	-3.52	-7.69
40.819	-3.56	-7.14
40.861	-3.69	-7.6
40.904	-3.71	-7.68
40.946	-3.55	-7.01
40.988	-3.61	-7.72
41.03	-3.52	-7.96
41.073	-3.6	-8.54
41.115	-3.7	-8.79
41.242	-3.56	-8.91
41.284	-3.84	-8.66
41.326	-3.92	-8.3
41.369	-3.75	-6.66
41.411	-3.6	-5.36
41.453	-3.46	-4.94
41.496	-3.38	-5.25
41.538	-3.32	-4.81
41.58	-3.28	-4.94
41.622	-3.35	-5.18
41.665	-3.39	-5.06
41.667	-3.24	-4.83
41.67	-3.03	-5.53
41.672	-3.13	-5.65
41.674	-3.16	-6.12
41.677	-3.14	-6
41.679	-3.31	-6.11
41.682	-3.28	-6.07
41.684	-3.38	-6.81
41.686	-3.12	-7.68
41.689	-3.3	-8.36
41.691	-3.22	-8.23
41.694	-3.37	-8.56
41.696	-3.35	-8.17
41.699	-3.46	-8.52
41.701	-3.33	-8.76
41.703	-3.65	-8.57
41.706	-3.18	-8.4
41.708	-3.58	-8.94
41.711	-3.53	-8.28
41.713	-3.5	-9.06
41.716	-3.77	-8.53
41.718	-3.99	-8.74
41.72	-3.72	-8.8
41.723	-3.5	-8.94
41.725	-3.57	-9
41.728	-3.86	-8.37
41.73	-3.78	-8.74
41.733	-3.74	-8.67
41.735	-3.84	-8.76
41.737	-3.89	-9
41.74	-3.51	-8.96
41.742	-3.44	-8.82
41.745	-3.93	-8.72
41.747	-3.89	-8.95
41.75	-3.76	-8.68
41.752	-3.99	-8.5
41.766	-4.1	-8.64
41.781	-4.41	-8.42
41.795	-4.47	-8.23
41.81	-4.06	-8.13
41.824	-4.49	-8.1
41.839	-4.19	-8.22
41.853	-4.27	-8.45
41.868	-4.57	-8.43
41.882	-4.17	-8.48
41.896	-4.38	-8.42
41.911	-4.4	-8.15
41.925	-4.47	-8.37
41.94	-4.76	-8.38
41.954	-4.46	-8.42
41.967	-4.43	-8.6
41.981	-4.34	-8.64
41.994	-4.63	-8.7
42.007	-4.82	-8.79
42.02	-4.14	-8.68
42.034	-4.31	-8.41
42.047	-4.36	-8.35
42.06	-4.66	-8.23
42.073	-4.69	-8.16
42.087	-4.23	-8.06
42.1	-4.14	-8.28
42.113	-4.45	-8.34
42.126	-4.19	-8.29
42.14	-4.16	-8.34
42.153	-4.21	-8.49
42.166	-4.46	-9.22
42.179	-4.6	-8.81
42.193	-4.38	-8.91
42.206	-4.12	-8.85
42.219	-4.36	-9.11
42.232	-4.09	-8.88
42.246	-4.17	-8.7
42.259	-4.37	-8.86
42.272	-4.31	-8.72
42.285	-3.96	-8.59
42.299	-4.32	-8.25
42.312	-4	-8.31
42.325	-4.33	-9.16
42.338	-4.03	-8.27
42.352	-4.04	-8.33
42.365	-3.76	-8.89
42.378	-3.97	-8.9
42.391	-3.93	-8.56
42.405	-3.99	-8.3
42.418	-3.93	-8.66
42.449	-3.53	-8.95
42.481	-3.65	-9.24
42.512	-3.7	-9.09
42.544	-3.86	-9.12
42.575	-3.46	-8.96
42.606	-3.69	-8.88
42.638	-4.03	-9.1
42.669	-4.24	-8.88
42.701	-3.76	-8.24
42.732	-4	-8.07
42.764	-3.59	-6.83
42.795	-3.59	-7.48
42.826	-3.02	-6.17
42.858	-3.01	-6.23
42.889	-3.12	-5.83
42.92	-3.43	-7.03
42.95	-3.58	-7.1
42.981	-3.33	-7.59
43.011	-3.37	-8.02
43.042	-3.29	-8.38
43.072	-3.33	-8.61
43.103	-3.8	-8.2
43.133	-3.44	-8.53
43.164	-3.38	-7.89
43.194	-3.81	-8.71
43.225	-4.03	-8.83
43.256	-3.98	-8.73
43.286	-4.07	-9.03
43.317	-3.64	-7.77
43.347	-3.67	-8.02
43.378	-3.94	-8.6
43.408	-3.58	-8.25
43.439	-3.96	-8.87
43.44	-3.92	-8.4
43.441	-3.58	-8.53
43.442	-3.75	-9.38
43.443	-3.84	-9.47
43.444	-3.83	-9.3
43.445	-3.78	-9.44
43.446	-3.74	-9.21
43.447	-3.9	-9.09
43.448	-3.92	-8.99
43.448	-4.07	-9
43.449	-3.86	-8.78
43.45	-3.84	-8.63
43.451	-3.59	-8.44
43.452	-3.42	-8.84
43.453	-3.56	-8.69
43.454	-3.79	-8.91
43.455	-4.06	-8.82
43.456	-3.79	-8.95
43.457	-4.21	-8.46
43.458	-3.96	-8.32
43.459	-4.24	-8.43
43.5	-4.53	-8.04
43.541	-4.62	-8.17
43.582	-4.86	-8.3
43.623	-4.88	-7.88
43.664	-4.52	-8.74
43.705	-4.54	-8.8
43.746	-4.8	-8.89
43.787	-4.3	-8.79
43.827	-4.44	-8.4
43.868	-4.73	-8.76
43.909	-4.56	-8.53
43.95	-4.29	-8.48
43.991	-4.54	-8.48
44.032	-4.25	-8.48
44.073	-4.62	-8.72
44.114	-4.76	-8.7
44.13	-4.66	-8.68
44.146	-4.17	-7.18
44.161	-4.15	-7.06
44.177	-4.29	-7.3
44.193	-4.42	-7.75
44.209	-4.73	-7.92
44.225	-4.5	-8.4
44.241	-4.94	-8.62
44.257	-4.86	-8.42
44.272	-4.18	-8.15
44.288	-4.54	-8.07
44.304	-4.23	-8
44.32	-4.24	-8.05
44.336	-4.56	-8.18
44.352	-4.33	-8.23
44.367	-4.47	-8.04
44.383	-4.28	-7.85
44.399	-4.11	-7.84
44.415	-4.58	-7.91
44.431	-4.56	-8.06
44.447	-4.31	-8.15
44.463	-4.47	-8.19
44.478	-4.39	-8.64
44.494	-4.38	-7.9
44.51	-4.34	-8.07
44.526	-4.15	-7.95
44.542	-4.5	-8.5
44.558	-4.33	-8.3
44.573	-3.8	-8.22
44.589	-3.89	-8.14
44.605	-3.97	-8.18
44.621	-4.37	-8.18
44.637	-4.05	-8.23
44.653	-4.02	-8.43
44.669	-3.6	-8.18
44.684	-4.33	-8.04
44.7	-4.2	-8.09
44.716	-3.82	-7.85
44.732	-4.11	-7.61
44.748	-3.86	-7.83
44.764	-4.23	-7.7
44.779	-3.7	-7.54
44.795	-3.24	-6.67
44.811	-3	-5.95
44.827	-3.27	-6.44
44.843	-3.02	-6.31
44.859	-3.27	-6.77
44.875	-3.31	-7.04
44.89	-3.3	-7.46
44.906	-3.31	-7.96
44.922	-3.46	-7.66
44.938	-3.62	-7.45
44.954	-3.97	-8.26
44.97	-3.7	-8.33
44.985	-3.26	-7.06
45.001	-3.55	-7.62
45.017	-3.83	-7.42
45.033	-3.53	-7.34
45.049	-3.68	-7.6
45.065	-3.8	-7.42
45.081	-3.75	-7.4
45.096	-3.49	-7.26
45.144	-3.57	-7.51
		
		
		
		
		
		
		
		
		
		
		
		
		
		
		
		
		
		
		
		
		
		
		
		
		
		
		
		
		
		
		
		
		
		
		
		
		
		
		
		
		
		
		
		
		
		
		
		
		
		
		
		
		
		
		
		
		
		
		
		
		
		
		
		
		
		
		
		
		
		
		
		
		
		
		
		
		
		
		
		
		
		
		
		
		
		
		
		
		
		
		
		
		
		
		
		
		
		
		
		
		
		
		
		
		
		
		
		
		
		
		
		
		
		
		
		
		
		
		
		
		
		
		
		
		
		
		
		
		
		
		
		
		
		
		
		
		
		
		
		
		
		
		
		
		
		
		
		
		
		
		
		
		
		
		
		
		
		
		
		
		
		
		
		
		
		
		
		
		
		
		
		
		
		
		
		
		
	-5.13	-10.47
	-2.28	-4.81
