/* DESCRIPTION:
Reference:	van Kreveld, SA et al. (2000): Potential links between surging ice sheets, circulation changes, and the Dansgaard-Oeschger cycles in the Irminger Sea, 60-18 kyr. Paleoceanography, 15(4), 425-442, https://doi.org/10.1029/1999PA000464
	Waelbroeck, Claire; Lougheed, Bryan C; Vázquez Riveiros, Natalia; Missiaen, Lise; Pedro, Joel B; Dokken, Trond; Hajdas, Irka; Wacker, Lukas; Abbott, Peter M; Dumoulin, Jean-Pascal; Thil, François; Eynaud, Frédérique; Rossignol, Linda; Fersi, Wiem; Albuquerque, Ana Luiza Spadano; Arz, Helge Wolfgang; Austin, William EN; Came, Rosemarie E; Carlson, Anders Eskil; Collins, James A; Dennielou, Bernard; Desprat, Stéphanie; Dickson, Alex; Elliot, Mary; Farmer, Christa; Giraudeau, Jacques; Gottschalk, Julia; Henderiks, Jorijntje; Hughen, Konrad A; Jung, Simon; Knutz, Paul Cornils; Lebreiro, Susana Martin; Lund, David C; Lynch-Stieglitz, Jean; Malaizé, Bruno; Marchitto, Thomas M; Martínez Méndez, Gema; Mollenhauer, Gesine; Naughton, Filipa; Nave, Silvia Osorio; Nürnberg, Dirk; Oppo, Delia W; Peck, Victoria L; Peeters, Frank J C; Penaud, Aurélie; Portilho-Ramos, Rodrigo Costa; Repschläger, Janne; Roberts, Jenny; Rühlemann, Carsten; Salgueiro, Emilia; Sanchez Goñi, Maria Fernanda; Schönfeld, Joachim; Scussolini, Paolo; Skinner, Luke C; Skonieczny, Charlotte; Thornalley, David JR; Toucanne, Samuel; Van Rooij, David; Vidal, Laurence; Voelker, Antje H L; Wary, Mélanie; Weldeab, Syee; Ziegler, Martin (2019): Consistently dated Atlantic sediment cores over the last 40 thousand years. Scientific Data, 165, https://doi.org/10.1038/s41597-019-0173-8
Data from:	https://doi.org/10.1594/PANGAEA.261313. Accessed 29 Oct 2022.
	https://doi.org/10.1594/PANGAEA.905274. Accessed 29 Oct 2022.
Comment:	The second Age column uses age model from Waelbroeck et al., 2019. All other data from van Kreveld et al., 2000
*/
Depth [m]	Age [ka BP]	Age [ka BP] (Waelbroeck et al., 2019)	SST sum [°C]	SSS	IRD [#/g]	Volcanic glass mafi [#/g]	Qz [#/g]	N. pachyderma s δ18O [‰ PDB]	N. pachyderma s δ13C [‰ PDB]	C. wuellerstorfi δ18O [‰ PDB]	C. wuellerstorfi δ13C [‰ PDB]	N. pachyderma s [%]	T. quinqueloba [%]	G. bulloides [%]
0.9	17.802	14.714	3.5	33.7	1708.5	138	115	3.69	-0.05			94.4	1	1.5
0.91	17.843	14.842								3.52	0.78			
0.92	17.904	14.977								3.28	0.68			
0.95	18.005	15.397	3.9	34.9	1076.5	18	62	4.26	-0.1	4.4	1.6	96.4	0.6	0.9
0.98	18.107	15.827								4.46	1.69			
1	18.499	16.119	3.9	35.4	591.5	10	22	4.55	-0.16	4.38	1.76	95.7	0.7	0.7
1.01	18.655	16.268								4.45	1.74			
1.05	19.282	16.859	3.7	35.3	766.5	36	13	4.56	-0.06	4.45	1.69	97	0.4	0.4
1.08	19.674	17.311								4.42	1.74			
1.1	20.066	17.616	4.5	35.8	1078.5	13	53	4.65	-0.09			97.2	0.3	0.3
1.15	20.849	18.381	4.7	36.1	810.4	20	41	4.75	0.03	4.32	1.72	97.5	0.2	0.5
1.18	21.241	18.839								4.49	1.83			
1.2	21.633	19.141	3.8	35.5	412.8	11	21	4.64	-0.06			96	0.7	1
1.21	21.686	19.293	3.8	35.3	561	20	14	4.55	-0.03			96.4	1	0.7
1.22	21.738	19.446	4.5	35.8	420.5	10	19	4.6	0.06			97.2	0.6	1
1.23	21.791	19.597	4.2	35.5	445.2	14	21	4.53	-0.01	4.41	1.7	95.8	1.5	1.4
1.24	21.843	19.753	3.6	35.3	510.6	7	37	4.57	0.01			95.2	1.3	2.2
1.25	21.896	19.903	3.4	35.1	440.1	7	19	4.51	0.05	4.4	1.76	95.2	1.8	1.5
1.26	21.948	20.054	2.7	34.8	353.2	6	11	4.54	-0.01			95.1	1.5	0.9
1.27	22.001	20.204	4	35.5	279.7	8	11	4.59	0.1			94.4	1.3	2.6
1.28	22.053	20.354	3.5	35.2	469	14	22	4.57	0.08			94.6	1.4	1.5
1.29	22.134	20.505	7.2	36.6	472.6	17	17	4.35	0			63.7	17.4	8.3
1.3	22.214	20.656	9	37.2	392.5	45	19	4.21	0.08	4.38	1.74	36.6	23.3	22.8
1.31	22.256	20.806	8.1	36.9	730.8	50	43	4.31	-0.04			44.4	22.5	16.7
1.32	22.299	20.956	4.9	35.8	975.4	25	52	4.5	0.03			88	6	2.3
1.33	22.341	21.107	3.9	35.3	744.1	5	66	4.51	-0.01	4.6	1.65	94.4	2.6	1.8
1.34	22.383	21.26	3.4	35.1	1024.5	31	81	4.5	-0.03			94.4	1.9	1.6
1.35	22.509	21.411	3.4	34.8	774	8	61	4.36	-0.07	4.24	1.75	95.8	1.3	0.8
1.36	22.636	21.56	3.3	35	543.7	10	35	4.51	-0.04			96.2	1.4	0.8
1.37	22.762	21.709	3.6	35.2	357	13	19	4.51	0.03	3.99	0.95	91.9	2.3	3
1.38	22.888	21.861	7.4	36.9	413	28	19	4.46	0.03			63.9	14.4	10.9
1.39	22.904	22.007	8.4	37.2	373.6	53	17	4.38	-0.05			44.3	23.9	16.6
1.4	22.92	22.155	8	37.3	243.7	32	10	4.52	0.08			58.8	17.4	11.5
1.41	22.936	22.306	8.6	37.1	231.8	48	10	4.27	0.16			42.5	25.5	18.2
1.42	23.017	22.46	8.1	36.7	259.1	32	12	4.13	0.13			51	20.2	13.7
1.43	23.098	22.615	3.3	35.1	260.1	15	9	4.5	0.02			95.5	2	0.9
1.44	23.178	22.764	4.3	35.6	269.8	13	10	4.53	-0.04			91.2	2.6	1.8
1.45	23.259	22.916	4.5	35.7	374	22	17	4.52	0.04			89.6	4.4	2.7
1.46	23.307	23.067	8	37.3	357.1	42	4	4.52	0.06			58.2	15.8	14.5
1.47	23.354	23.211	8.5	37.5	516.7	63	31	4.47	-0.03			40.5	26.6	16.9
1.48	23.432	23.34	4	35.3	346.2	18	15	4.46	-0.03			94.3	2.6	0.9
1.49	23.511	23.445	4.2	35.3	221.5	11	12	4.39	0.01			94.5	2.7	1.2
1.5	23.589	23.548	3.9	35.3	235.7	13	9	4.44	0.12	3.43	1.12	93.9	4	0.9
1.51	23.668	23.647	3.8	35.1	444.6	14	16	4.36	-0.03			87.7	8.8	1
1.52	23.746	23.745	3.7	34.9	512.9	19	30	4.28	0.02			90.1	7.2	1.4
1.52	23.785	23.745								3.82	1.14			
1.53	23.825	23.839	4.1	35.1	745.4	44	45	4.28	-0.1			90.8	6.3	1.5
1.54	23.903	23.935	4.1	35.3	970.5	73	88	4.39	0.03			92.8	5.2	0.5
1.55	23.982	24.029	4.2	35.3	1136.9	99	110	4.38	-0.16	3.92	1.28	94.9	2.8	0.7
1.56	24.06	24.122	3	34.5	1847	70	216	4.26	-0.12	3.96	1.08	95.5	1.8	0.7
1.57	24.246	24.215	3.3	34.6	1300.8	36	142	4.2	-0.04			96.5	1.4	0.7
1.58	24.339	24.308								3.79	1.28			
1.58	24.432	24.308	4	35	883.8	63	68	4.27	-0.08			96.4	0.7	0.8
1.59	24.617	24.403	3.4	35.1	608.5	42	46	4.46	-0.08			98.1	0.8	0.4
1.6	24.803	24.497	3.9	35.3	1548.4	284	97	4.43	-0.11	3.84	1.41	92.2	3.2	2.5
1.61	24.916	24.591	4.6	35.5	911.4	178	46	4.39	-0.08	3.9	1.26	87.9	5.3	5.3
1.62	25.03	24.684	3.5	35	869.7	78	48	4.41	-0.1			95.4	1.3	1.2
1.62	25.086	24.684								3.77	1.28			
1.63	25.143	24.775	3.9	35.3	1231.8	71	100	4.43	-0.18			96.8	0.8	0.7
1.64	25.256	24.866	4	35.1	895.6	57	60	4.33	-0.01	4.03	1.45	97.3	0.7	0.5
1.65	25.358	24.959	4.1	35.4	945.6	67	69	4.46	-0.1	4.05	1.47	96.4	1.1	1.3
1.66	25.459	25.053	3.9	35	834.6	35	66	4.3	-0.07	4.19	1.51	96.7	0.9	0.8
1.67	25.561	25.147	3.4	34.9	1165.5	41	108	4.36	-0.04			95.9	1.9	1.1
1.68	25.611	25.242								4.11	1.4			
1.68	25.662	25.242	3.3	34.3	1014.5	41	106	4.08	-0.37			96.7	1.2	0.3
1.69	25.73	25.335	3	34.7	782.5	35	64	4.36	-0.01	3.97	1.33	95.7	1.6	0.7
1.7	25.799	25.429	3.9	35.2	450.7	25	21	4.43	0.01	4.21	1.67	97.8	0.9	0.4
1.71	25.867	25.524	3.8	35.4	428.5	34	18	4.52	-0.06	4.39	1.74	97.7	0.6	0.1
1.72	25.935	25.622	4.2	35.6	971.3	74	45	4.53	-0.07			97.8	0.4	0.4
1.73	26.119	25.721	3.9	35.1	473.6	35	22	4.35	-0.04			97.6	0.6	0.7
1.74	26.304	25.818	3.8	35.1	622.6	67	31	4.41	-0.01			96.8	1.8	0.4
1.75	26.488	25.92	3.1	34.3	618.6	39	33	4.16	-0.07			98.4	0.3	0.8
1.76	26.672	26.019	4.2	35	845.2	40	39	4.25	-0.02			98.1	0.2	0.8
1.77	26.749	26.118	3.7	34.6	619.4	51	23	4.17	-0.1			98.4	1.1	0
1.78	26.826	26.216	3.2	34.5	568.6	45	27	4.22	0.08			97.7	1	0.3
1.79	26.903	26.313	3.9	34.7	542.3	53	30	4.17	0.03			97.9	0.8	0.3
1.8	26.98	26.408	3.9	34.8	1052.9	511	25	4.22	0.08	3.75	1.54	98.3	0.9	0.3
1.81	27.047	26.504	3.8	34.7	738.3	216	18	4.21	-0.07	4.14	1.44	97.7	0.8	0.2
1.82	27.114	26.603	4	34.8	1393.9	510	39	4.2	0.04	3.65	0.94	98.5	0.2	0.4
1.83	27.181	26.705	4.3	35	3402.1	2235	28	4.2	0.03			94.8	3.1	1
1.84	27.227	26.803								3.69	1.24			
1.84	27.247	26.803	4.1	34.5	466.8	116	19	3.96	0.05	3.77	1.46	92.5	3	1.3
1.85	27.314	26.901	4.4	34.8	488.1	134	25	4.08	-0.05	3.77	1.32	93.6	3.2	1
1.86	27.381	26.997	3.9	34.4	477.8	100	31	3.96	-0.07	3.64	1.24	91.9	3.5	2.6
1.87	27.409	27.087	4.2	34.4	494	74	27	3.9	-0.09			87.8	7.1	3
1.88	27.423	27.173								3.52	1.3			
1.88	27.437	27.173	6.2	35.5	298.2	43	9	4	0.03			71.4	12.3	11.4
1.89	27.465	27.255	7.6	35.6	271.6	34	14	3.67	0.03			53	27.7	14.3
1.9	27.493	27.328	7.8	35.8	135.6	32	5	3.74	-0.12	3.64	1.35	59.6	20.7	17.7
1.91	27.521	27.4	7.8	36	116	24	5	3.85	0.01	3.74	1.15	59.4	19	16.5
1.92	27.593	27.467	8.1	36.2	138	31	6	3.89	-0.07			57.7	24.7	11.3
1.92	27.629	27.467								3.71	1.36			
1.93	27.664	27.531	8	36.1	163	30	5	3.85	-0.07			49.6	29.1	11.7
1.94	27.736	27.595	8	36	251.4	36	13	3.77	-0.05			51.8	25.7	18
1.95	27.793	27.662	7.6	36.1	186.3	36	8	3.94	-0.08	3.68	1.2	54.2	26.7	14.2
1.96	27.849	27.724	7.6	35.8	274	58	12	3.81	0			54.7	28.7	14.1
1.97	27.906	27.787	3.8	34.2	933.7	222	66	3.9	-0.1			86.8	8.7	2.9
1.98	27.933	27.852								3.72	1.41			
1.98	27.96	27.852	4.4	34.8	723.9	212	47	4.06	0.07			90.2	3.9	3.1
1.99	28.015	27.919	4.3	35	353.7	154	11	4.19	0.14	3.52	1.33	90.5	4.6	2.5
2	28.069	27.989	3.7	34.5	163.1	97	6	4.06	0.13	3.71	1.23	97.3	1.4	1.4
2.01	28.124	28.06	3.8	34.7	197.5	133	3	4.18	0.18			96.9	1.9	0.8
2.02	28.178	28.131	4.1	34.8	141.6	104	1	4.13	0.14			96	2.1	1.2
2.02	28.205	28.131								3.64	1.38			
2.03	28.233	28.201	3.4	34.6	71.3	30	3	4.21	0.17			97.5	1.5	0.7
2.04	28.287	28.271	2.5	34	50.2	12	2	4.09	0.14			96.2	1.4	0.5
2.05	28.378	28.339	3.9	34.8	57.3	11	2	4.16	0.09	3.9	1.5	91.5	5.7	2
2.06	28.468	28.403	3.8	34.5	58.6	8	1	4.02	0.05			85.8	9.5	4.5
2.07	28.559	28.473	4.3	34.6	69.2	19	3	3.94	0.08			81.4	11.1	5.7
2.08	28.649	28.548	4.2	34.7	278.7	64	2	4	0.13	3.66	1.17	83.8	10.2	5.2
2.09	28.73	28.623	6.8	35.6	137.9	31	6	3.8	0.03			68.4	18.2	10.6
2.1	28.81	28.698	7.8	36.1	455.1	61	31	3.78	-0.08	3.72	1.41	62	12.4	19.1
2.11	28.891	28.779	7.8	36.2	619.2	73	37	3.83	0.03	3.58	0.85	60	11.3	24.3
2.12	28.937	28.875	7.8	36.2	303.7	34	17	3.83	-0.12			61.6	19.1	17
2.12	28.96	28.875								3.21	0.7			
2.13	28.984	28.985	6.9	35.8	401.7	41	24	3.79	-0.09			78.5	6.6	11.8
2.14	29.03	29.114	5.7	34.8	1111.1	115	101	3.58	-0.05			85.7	3.9	8.4
2.15	29.076	29.244	5.7	35.1	331.7	41	23	3.7	-0.15	3.86	1.38	87	3.3	7.6
2.16	29.122	29.377	4.1	34.7	655.6	96	50	3.85	-0.05	3.61	1.29	90.2	2.8	6.5
2.17	29.169	29.508	4	34.7	1026.1	170	75	3.86	-0.23	4.15	1.57	92.9	2.8	2.8
2.18	29.215	29.633	3.6	34.4	2168	324	226	3.8	-0.14	4.02	1.48	97.7	0.6	1
2.19	29.374	29.751	3.9	34.3	1662.1	187	123	3.64	-0.27			97.3	0.2	1.6
2.2	29.533	29.878	4.3	34.4	1120.5	61	101	3.63	-0.15	3.67	1.32	96.7	0	0.6
2.21	29.692	30.016	3.9	33.8	958.5	23	90	3.41	-0.07			96.4	0.8	1.3
2.22	29.85	30.152	3.4	33.8	997.4	71	71	3.52	-0.15			96.7	0.6	2
2.22	29.93	30.152								3.77	1.5			
2.23	30.009	30.296	4.2	34.6	738.2	29	58	3.75	-0.11			93.3	0.8	2.7
2.24	30.168	30.433	4.1	35.1	630.1	29	56	4.06	-0.1	3.73	1.23	91	2.3	5.7
2.25	30.226	30.545	5.7	35.8	414.3	18	16	4.06	0.03	3.88	1.46	86.4	3.4	8.5
2.26	30.283	30.622	3.9	35.3	352	23	25	4.25	0.01			94.2	1.7	4.2
2.27	30.341	30.675	3.5	34.9	613.3	42	65	4.12	0.06	4.02	1.54	94.7	0.3	4.5
2.28	30.399	30.723	3.5	34.6	460.3	38	33	3.99	0.11			97.1	0.2	1.8
2.29	30.457	30.775	4.7	35.9	378.9	30	14	4.37	0.24			92.8	1.1	3.6
2.3	30.514	30.827	3.6	35.1	522.2	42	28	4.24	0.18	4.14	1.5	98.1	0	1
2.31	30.572	30.875	3.7	35.3	804.2	66	51	4.32	0.15			98.4	0	0.3
2.32	30.63	30.923	2.9	34.7	601.7	40	64	4.21	0.2			98.4	0	1.1
2.32	30.658	30.923								4.02	1.44			
2.33	30.687	30.973	4.3	35.5	697.3	29	66	4.29	0.11			95.9	0	2.4
2.34	30.745	31.02	2.6	34.6	925.5	58	100	4.21	0.06			98.7	0	1.1
2.35	30.824	31.067	3.7	35.3	763.8	35	69	4.33	0.04	4.06	1.6	98	0	0.4
2.36	30.903	31.116	3.3	35.1	964.8	21	88	4.31	0.06			98.5	0	0.9
2.37	30.982	31.16	4	34.9	1287.5	22	105	4.01	-0.07			97	0.2	1.4
2.38	31.022	31.206								3.98	1.57			
2.38	31.061	31.206	3.6	34.6	1060.6	20	76	3.98	0.02			98.1	0	1.6
2.39	31.14	31.245	2.5	34.4	892.9	20	83	4.13	0.02			99.4	0	0.2
2.4	31.203	31.289	3.3	34.6	1004	23	132	4.01	0.05	4.01	1.72	98	0.3	1.1
2.41	31.267	31.332	2.9	34.4	1550.2	66	193	4.01	0.01			98.8	0	0.9
2.42	31.299	31.373	4.2	35.1	948.6	25	78	4.09	0.18			96.6	0.5	1.3
2.42	31.315	31.373								3.88	1.53			
2.43	31.331	31.416	3.8	35	675.8	27	75	4.14	0.15			96.8	1.1	1.6
2.44	31.338	31.464	3.8	35	437	25	28	4.13	0.13			97.9	0.8	0.8
2.45	31.345	31.509	3.7	34.9	572.5	37	72	4.14	0.04	4.03	1.69	98.3	0.9	0.9
2.46	31.352	31.555	4.3	35.4	572	47	55	4.24	0.21			97.6	0.3	0.9
2.47	31.359	31.604	4.3	35.5	529.1	80	28	4.27	0.11			94.7	0.7	2.6
2.48	31.367	31.652	3.5	35	616.6	96	32	4.22	0.11			97.3	1.1	1.3
2.49	31.374	31.697	4.4	35.5	528.4	71	30	4.29	0.36			96.1	0	2.7
2.5	31.381	31.746	3.9	35.2	438	31	43	4.23	0.24			97.3	0.3	1.5
2.51	31.388	31.794	4.4	35.2	727	62	48	4.13	0.26			95.5	0.5	2.8
2.52	31.395	31.844	3.9	35.1	990.2	132	85	4.17	0.29			97.2	1.4	0.6
2.52	31.427	31.844								3.99	1.52			
2.53	31.459	31.895	3.9	35	130.7	61	4	4.15	0.13			91.4	3.3	4.3
2.54	31.542	31.946	4.5	35.4	179	59	13	4.22	0.25			90.7	4.3	3.5
2.55	31.625	31.999	4.3	35.1	160.8	82	9	4.11	0.27			90.3	4.6	4.2
2.56	31.708	32.052	4.4	34.9	162.2	97	7	3.96	0.3			80	10.2	7.8
2.57	31.768	32.109	7.6	36.1	72.9	19	4	3.76	0.25			62.7	17.7	17
2.58	31.798	32.168								3.43	1.27			
2.58	31.828	32.168	7.6	36.1	86.4	18	3	3.77	0.26			63.4	18.8	14.6
2.59	31.888	32.229	7.7	36	93.7	20	5	3.7	0.23			58.1	19.7	19.9
2.6	31.947	32.29	7.8	35.8	183.3	19	10	3.55	0.09	3.76	1.38	58.7	17	21
2.61	32.006	32.347	7.8	36	134.8	19	11	3.69	0.15			57.4	17.5	21.8
2.62	32.064	32.41	7.8	36.1	251.7	39	19	3.74	0.22			59.1	17.8	20.3
2.62	32.094	32.41								3.88	1.46			
2.63	32.123	32.471	7.1	36.1	486	43	19	3.89	0.1	3.62	1.37	71.1	12.2	15.9
2.64	32.183	32.536	7.6	36.3	640.4	41	37	3.9	0.06	3.81	1.51	66.7	12.5	18
2.65	32.246	32.596	7.2	36.3	863.5	73	36	4	0.04			74.6	7	15.8
2.66	32.309	32.657	6.9	36.4	1143.8	133	100	4.1	0.02	3.14	1.05	78.7	7	13.3
2.67	32.372	32.717	4	34.8	1695.7	294	95	3.98	0.08			94.6	2	2.8
2.68	32.389	32.776								3.72	1.36			
2.68	32.405	32.776	4.1	34.5	1363.8	172	97	3.79	0.1	3.69	1.41	92.4	2.8	4.2
2.69	32.438	32.832	7.3	36	691.9	91	71	3.76	0.17			67	21	11.6
2.7	32.472	32.89	4.4	34.7	1591.8	82	133	3.83	0.11	3.83	1.43	87.4	7.7	4.4
2.71	32.506	32.945	4.3	35	1366.1	119	151	4.02	0.27			91.7	4	3.4
2.72	32.596	33.001	4.6	35.1	957.2	215	91	3.98	0.29			84.4	7.3	6.7
2.72	32.642	33.001								3.81	1.46			
2.73	32.687	33.059	4.2	35	521.4	187	43	4.06	0.31			84.7	10.3	4.3
2.74	32.777	33.118	4	35	436	263	19	4.1	0.38			90	2	6.6
2.75	32.913	33.179	3.9	34.7	265.6	173	10	3.96	0.28	4.05	1.62	92.3	1.5	5.4
2.76	33.048	33.237	6	35.7	547	430	12	3.96	0.36			78.9	9.1	10.3
2.77	33.184	33.297	6.6	35.8	448.6	323	10	3.86	0.35			79.5	7.5	11
2.78	33.251	33.36								3.69	1.37			
2.78	33.319	33.36	6.9	36	257.3	167	11	3.86	0.3			80.5	6.1	12.1
2.79	33.369	33.424	6.9	36.2	791.5	702	12	4	0.29	3.78	1.49	82.7	4.2	12.3
2.8	33.42	33.487	6.9	35.6	242.9	147	8	3.64	0.3			77.4	5.1	14.9
2.81	33.47	33.554	7.8	36.2	307.1	60	28	3.77	0.3			64	6	28.4
2.82	33.52	33.618	7.9	36.3	470	109	33	3.78	0.31			66.4	8	24.2
2.82	33.554	33.618								3.56	1.3			
2.83	33.587	33.681	7.9	36.5	928.5	89	89	3.91	0.19			69.8	6.5	22.2
2.84	33.6	33.744	6.8	36.2	1069.7	126	92	4.02	0.23			78.3	3.6	16.8
2.85	33.613	33.807	6.8	35.9	1346.2	134	201	3.83	0.19	3.56	1.41	83.7	3.8	10.6
2.86	33.627	33.873	6	35.8	1265.5	101	186	4.02	0.18	3.72	1.45	86.1	3.1	9.5
2.87	33.64	33.94	5.4	35.5	1438	73	160	3.98	0.2			88.6	2.3	7.1
2.88	33.646	34.009								3.89	1.61			
2.88	33.653	34.009	3.5	34.8	1375.1	58	168	4.11	0.27			92.2	1.3	5.6
2.89	33.72	34.076	4	35.2	869.3	43	113	4.23	0.31			94.3	2	3
2.9	33.787	34.142	5.7	35.9	464.1	61	52	4.14	0.38	3.59	1.48	84.4	5.5	7.5
2.91	33.854	34.207	4.1	34.9	223.9	20	26	4	0.3			90.3	3	6.1
2.92	33.921	34.271	5.5	35.1	139.9	18	13	3.77	0.31			86.8	3.7	9.5
2.93	33.988	34.334	7	36.1	163.9	20	16	3.91	0.32			77	7.2	11.9
2.94	34.024	34.398	6.9	35.8	128.5	13	18	3.8	0.3			80.5	5.7	11.4
2.95	34.059	34.457	6.8	35.9	80.2	11	7	3.88	0.33			81.5	4.1	10.5
2.96	34.095	34.518	6	35.5	111.8	9	9	3.85	0.28			84.2	3.8	9.6
2.97	34.13	34.573	6.5	35.9	131.2	10	18	3.95	0.35			83.9	4.4	9.8
2.98	34.191	34.633	4.1	34.8	136.9	16	22	3.95	0.4			90.1	1.9	5.9
2.99	34.252	34.693	4.1	34.6	188.6	32	22	3.87	0.47			91.4	2.3	5
3	34.314	34.753	4.1	34.8	434.3	46	53	3.95	0.29			90.1	1.9	7
3.01	34.375	34.812	4.6	35.2	211.2	34	21	4.05	0.42	3.8	1.5	87.4	4.8	6.7
3.02	34.436	34.877	4.7	35.2	152.2	29	18	4.01	0.49			88.8	4.2	6.1
3.02	34.513	34.877								3.72	1.43			
3.03	34.59	34.943	6.2	35.7	142.2	24	14	3.87	0.36	3.73	1.41	83.9	4.9	9.5
3.04	34.744	35.008	5.7	35.3	151.2	25	17	3.77	0.33			86.9	3.8	7.7
3.05	34.792	35.069	5.8	35.6	171.5	31	19	3.93	0.28			84.4	5.3	9.3
3.06	34.882	35.135	6.9	35.7	189.3	39	21	3.64	0.25			79.8	6	11.7
3.07	34.972	35.201	7.9	36.1	305.5	68	31	3.63	0.22	3.74	1.33	70.3	7.8	20.2
3.08	35.024	35.266								3.57	1.33			
3.08	35.075	35.266	7.5	36.3	805.2	114	103	3.82	0.18			71.7	9.2	17.2
3.09	35.179	35.331	6.9	36	799.5	152	94	3.83	0.11	3.68	1.42	80.2	4.2	14.5
3.1	35.282	35.393	5.5	35.4	1867.3	226	247	3.83	0.13	3.6	1.26	87.7	2.3	8.4
3.11	35.385	35.455	3.7	34.6	1979.3	179	201	3.85	0.15	3.67	1.35	94.4	1.2	3.7
3.12	35.432	35.517	3.5	34.3	1673	281	203	3.75	0.03	3.71	1.37	94.7	0.8	4
3.13	35.478	35.583	4.1	34.6	1032	183	113	3.78	0.12	3.54	1.24	94.2	1.2	3.2
3.14	35.525	35.642	3.3	34.2	2358.6	234	210	3.75	0.1			97.5	0.5	1.3
3.15	35.571	35.703	3.7	34.7	1798.1	138	228	3.95	0.4	3.52	0.64	98.1	1	0.6
3.16	35.583	35.769	4.1	34.9	1383.5	120	196	3.96	0.3			97.1	0.2	1.4
3.17	35.596	35.83	3.8	34.6	860.3	137	102	3.87	0.25			97.3	0	1.3
3.18	35.608	35.891	3.9	34.7	583.3	120	58	3.9	0.32			98.3	0.5	0.2
3.19	35.621	35.951	3.9	34.9	549.8	142	59	4.04	0.41			95.3	0.7	3
3.2	35.633	36.01	3.9	34.5	461.1	137	37	3.78	0.33	3.59	0.98	93.7	1.8	3.6
3.21	35.67	36.067	3.7	34.5	431.3	142	42	3.88	0.48			98.2	0.3	1.3
3.22	35.706	36.123	2.4	34.1	567	168	48	4.03	0.48			98.8	0.4	0.8
3.22	35.745	36.123								3.98	1.19			
3.23	35.784	36.179	3.4	34.5	419.7	172	27	3.97	0.3			98.4	0	0.8
3.24	35.861	36.232	3.1	34.3	474.7	179	47	3.92	0.49			98.6	0	0.7
3.25	35.939	36.285	3.1	34.2	464.2	179	23	3.91	0.41			98.6	0	0.7
3.26	36.016	36.34	4.4	34.7	539.3	131	35	3.84	0.48	3.79	1.26	96.7	0.4	2
3.27	36.094	36.396	3.5	34.3	498.9	76	35	3.83	0.42			95.2	0.7	3.6
3.28	36.171	36.452	4.7	34.9	316	57	25	3.86	0.38			90	4.6	4.8
3.29	36.249	36.509	7	35.5	197	39	11	3.62	0.3			73.9	9.7	13.4
3.3	36.326	36.57	6.8	35.4	222	52	15	3.58	0.35	3.64	1.27	70.9	11.8	14.6
3.31	36.404	36.631	7.9	35.7	524.9	103	52	3.47	0.32			64.2	12.3	18.3
3.32	36.481	36.691	6.4	34.9	1366.2	256	155	3.39	0.2			78.1	8.1	10.9
3.32	36.498	36.691								3.72	1.35			
3.33	36.515	36.752	7.5	35.5	561.3	102	39	3.49	0.28			71.5	9.4	16.3
3.34	36.549	36.814	7	35.6	944.2	131	83	3.66	0.27	3.58	1.3	75.8	8.3	13.7
3.35	36.584	36.873	6.1	34.8	1247.8	197	162	3.45	0.2	3.65	1.28	80.5	7.3	9.7
3.36	36.618	36.94	6.2	34.8	1310.1	192	118	3.43	0.08	3.49	1.03	83.7	4.9	9.1
3.37	36.652	37.027	6.2	34.8	1171.4	239	102	3.41	0.05			82.3	5.1	9.5
3.38	36.824	37.155								3.12	1.23			
3.38	36.997	37.155	7.9	35.6	563.6	135	54	3.42	0.17			62.1	10	24.3
3.39	37.341	37.325	8	35.6	288.6	68	21	3.37	0.23	3.54	1.29	51.4	13.3	32
3.4	37.686	37.538	7.9	35.5	463.3	111	38	3.36	0.16			54.3	15.7	25.6
3.41	38.03	37.782	7.8	36	416.7	81	35	3.63	0.3			65.7	10.6	21
3.42	38.375	38.018	7.8	35.9	279.5	48	25	3.59	0.3			59.3	8.1	28.2
3.42	38.394	38.018								3.65	1.39			
3.43	38.413	38.212	4.1	34.7	1576.9	207	145	3.91	0.43			92.4	2.1	4.1
3.44	38.451	38.371	3.4	34.6	1022	170	63	3.99	0.38	4.04	1.58	96.7	0.6	1.7
3.45	38.489	38.518	3.4	34.5	1815.1	201	98	3.96	0.36	3.32	1.22	97.9	0.2	1.5
3.46	38.527	38.665	3.3	34.7	1990.2	203	186	4.11	0.34			98.6	0	0.9
3.47	38.565	38.817	4.7	35.3	2035.4	132	164	4.06	0.25			97.8	0	0.6
3.48	38.668	38.959								4.06	1.65			
3.48	38.772	38.959	4	34.9	1378.1	151	103	3.98	0.32			97.2	0	0.6
3.49	38.978	39.098	3.1	34.4	1089.6	113	125	3.99	0.28			98.5	0	0.7
3.5	39.185	39.229	2.6	34.4	921.1	154	74	4.11	0.39			98.7	0.2	0.6
3.51	39.392	39.359	3.7	34.7	742.6	114	51	3.98	0.35			98.4	0	0.3
3.52	39.599	39.489	3.2	34.6	868.7	157	57	4.05	0.35			98.3	0	0.4
3.52	39.702	39.489								4.01	1.42			
3.53	39.805	39.616	2.9	34.2	1585.6	230	123	3.94	0.31			98.7	0	0.8
3.54	40.012	39.75	3.2	34.3	1297.1	849	23	3.93	0.43			98.1	0.4	0.7
3.55	40.181	39.878	4.1	34.7	388	57	31	3.89	0.38	3.71	1.38	97.4	0.3	1.3
3.56	40.35	40.011	1.8	33.6	267.5	25	26	3.91	0.37			99.3	0	0.2
3.57	40.519	40.144	3.3	34.5	237.9	30	20	3.99	0.42			98	0.5	0.7
3.58	40.604	40.273								3.75	1.42			
3.58	40.688	40.273	3.5	34.7	244.8	35	18	4.04	0.39			96.7	1.1	0.9
3.59	40.745	40.403	4.5	34.8	192.8	14	18	3.85	0.31			89.6	2.9	6.7
3.6	40.802	40.531	4.8	34.7	321.7	20	30	3.72	0.32	3.67	1.31	87.8	3.7	7.4
3.61	40.859	40.654	4.5	34.7	777.1	44	67	3.8	0.16	3.7	1.38	89.6	2.8	6.5
3.62	40.916	40.772	4.6	35	989.9	57	117	3.94	0.17			90.7	3.7	4.7
3.62	40.97	40.772								3.74	1.42			
3.63	41.024	40.884	4.4	35.1	887.6	50	78	4.04	0.22			89.5	2.2	7.3
3.64	41.132	40.988	4.1	34.8	914.2	20	103	3.97	0.09	3.7	1.4	89.8	2.1	7.2
3.65	41.274	41.087	4.1	34.9	1762.6	110	174	4	0.19	3.71	1.33	92	2.3	4
3.66	41.314	41.185	4.7	35.1	646.4	37	64	3.95	0.22	3.8	1.32	94	0.3	3.7
3.67	41.355	41.28	3.9	35.1	493.3	27	51	4.14	0.39			97.5	0.5	0.7
3.68	41.375	41.375								3.68	1.3			
3.68	41.395	41.375	4.1	35	263.5	22	21	4.03	0.28			97.6	0	1.5
3.69	41.435	41.47	3.6	34.9	295.8	29	25	4.14	0.42			98.4	0	0.7
3.7	41.475	41.571	3.7	34.8	342.6	43	23	4.06	0.35			96.2	0.5	2.8
3.71	41.516	41.674	3.1	34.7	404.5	46	43	4.12	0.38			98.3	0.3	0.8
3.72	41.556	41.776	3.8	34.8	391	72	30	4	0.36			97.9	0.2	1.1
3.72	41.576	41.776								3.75	1.52			
3.73	41.596	41.878	2.7	34.3	385.9	77	33	4.01	0.35			98.8	0.6	0.3
3.74	41.752	41.983	3.9	34.7	403.7	76	29	3.91	0.39			93.6	1.8	3.7
3.75	41.908	42.098	4.9	35.1	384.7	71	28	3.86	0.34			89.5	4.4	5.2
3.76	42.115	42.231	5.9	35.1	497.7	122	36	3.63	0.41	3.76	1.56	83.2	6.5	8.4
3.77	42.208	42.384	4.4	34.5	733	168	62	3.67	0.4			80.4	11	7.8
3.78	42.254	42.557								3.59	1.49			
3.78	42.3	42.557	6.2	35.4	916.4	193	63	3.7	0.24			71.1	14.6	12.7
3.79	42.393	42.757	6.5	35.5	1338.9	329	103	3.65	0.29			78.4	9.3	11.1
3.8	42.521	42.937	6.3	35.2	1453.9	356	101	3.54	0.28	3.66	1.51	74.5	11.3	12.8
3.81	42.648	43.087	3.9	34.5	2508.2	602	201	3.82	0.28			81.7	8.7	7.7
3.82	42.851	43.23	4.6	34.8	2179.4	524	195	3.8	0.3			85.1	5.6	7.8
3.82	42.953	43.23								3.88	1.57			
3.83	43.054	43.365	4.4	34.6	1462.6	270	137	3.72	0.25			87	7.5	4.4
3.84	43.257	43.496	5.9	35.7	1231.9	126	94	3.93	0.33			85.4	4.9	7
3.85	43.39	43.629	4.4	35.1	1318.8	155	148	4	0.42			92.3	1.3	4.5
3.86	43.523	43.756	4.1	35	1100	176	102	4.05	0.42	3.97	1.28	90.7	3.2	5.1
3.87	43.656	43.877	3.9	34.7	1222.2	241	95	3.92	0.37			92.8	1.6	4.4
3.88	43.723	44.003								3.32	1.05			
3.88	43.789	44.003	4.1	34.8	1323.1	311	123	3.91	0.36			89.8	3.2	5.8
3.89	43.922	44.134	4.1	34.8	1583	377	130	3.94	0.39	4.14	1.53	92.2	1.1	5.5
3.9	44.055	44.284	3.5	34.3	970.5	257	94	3.8	0.46			95	0.9	3.1
3.91	44.21	44.46	5.7	35.1	710.4	160	57	3.62	0.3			87.7	3	7
3.92	44.344	44.668	6.9	36	663.8	195	39	3.83	0.41			80.4	6.1	11.6
3.93	44.479	44.9	7.2	36.2	726.5	196	29	3.86	0.33	3.28	1.27	71.6	8.9	15
3.94	44.613	45.152	7	36.1	908.5	295	56	3.85	0.33			77.4	7.4	12.4
3.95	44.748	45.414	7.8	35.9	416.8	98	33	3.52	0.25	3.59	1.46	59.6	19	15.6
3.96	44.882	45.661	7.8	35.9	439.1	90	37	3.46	0.29			50.1	20.3	23.2
3.97	45.017	45.905	7.9	36.1	548	127	41	3.59	0.23			53.9	17	24.5
3.98	45.084	46.13								3.38	1.24			
3.98	45.151	46.13	7.8	36.3	830.4	109	60	3.7	0.27			65.2	12.9	16.5
3.99	45.256	46.337	6.2	35.6	923.8	84	87	3.72	0.19	3.56	1.37	69.3	13.6	13.5
4	45.36	46.526	5.6	35.3	1505.9	185	110	3.69	0.34	3.46	1.37	79.8	8.7	10.1
4.01	45.402	46.692	5.8	35.6	1450.6	252	97	3.81	0.25	3.54	1.3	81.4	7.8	8.9
4.02	45.462	46.839	4.7	34.9	2202.3	114	235	3.68	0.17			89.3	3.4	4.8
4.02	45.486	46.839								3.56	1.46			
4.03	45.51	46.967	3.6	34.1	741.3	40	51	3.55	0.06			94.3	2.4	1.2
4.04	45.559	47.08	4.5	35.1	1342.2	33	103	3.84	0.19			95.9	0.8	2.1
4.05	45.607	47.181	4.4	35.2	1267	91	74	3.93	0.23	3.67	1.32	96.7	0.3	0.5
4.06	45.655	47.28	3.6	34.9	975.5	45	85	4.01	0.18			98.4	0.3	1.1
4.07	45.688	47.381	4.4	35.4	758.2	59	74	4.1	0.26			96.7	0.2	1.2
4.08	45.705	47.477								4.01	1.46			
4.08	45.721	47.477	4.3	35.2	727	54	67	4.01	0.38			95.9	0	0.9
4.09	45.738	47.574	3.8	35.1	392.1	31	31	4.07	0.37			97.7	0.2	0.8
4.1	45.754	47.667	3.5	35	318	27	25	4.15	0.35	4.08	1.33	98.5	0.6	0.6
4.11	45.771	47.756	4.1	35.2	317.6	36	28	4.09	0.39	3.48	1.05	96.4	0.4	1.3
4.12	45.787	47.849	4.1	34.9	328.2	52	19	3.97	0.34			96.3	1.1	1.3
4.13	45.828	47.946	3.8	35	284.7	44	29	4.06	0.36			98.3	0.3	0
4.14	45.869	48.039	3.1	34.6	240.8	28	16	4.08	0.38			98.7	0	0.7
4.15	45.91	48.131	3.5	34.9	301.8	47	26	4.1	0.36	4.01	1.18	97.7	0.2	1.5
4.16	45.952	48.229	4.4	34.9	258	43	15	3.87	0.45			94.9	0.9	2.8
4.17	45.993	48.328	4.2	34.9	204.7	26	11	3.9	0.37			95	1.8	2.6
4.18	46.034	48.422	4.4	34.9	198.8	24	12	3.85	0.34			94.1	2.1	2.9
4.19	46.075	48.517	3.8	34.9	347.4	26	10	4.01	0.4			95.2	2.3	1.7
4.2	46.116	48.612	3.4	34.7	425.4	52	25	4.05	0.39			97	1.5	0.4
4.21	46.157	48.707	4	34.7	307.8	29	18	3.85	0.34			97.1	0.5	0.8
4.22	46.198	48.799	3.5	34.4	276.2	30	13	3.84	0.33			97.7	0.7	1.3
4.22	46.219	48.799								3.72	1.64			
4.23	46.24	48.892	4.1	34.8	510.2	44	34	3.89	0.33			93	4.8	1
4.24	46.281	48.98	3.8	35	587.6	69	43	4.1	0.26			87.7	8.6	1.8
4.25	46.322	49.065	4.1	34.9	618.9	58	44	3.97	0.15	3.72	1.66	91.3	5.9	1.4
4.26	46.363	49.15	4.1	35.1	843.2	77	38	4.05	0.09			92.8	5.2	1.3
4.27	46.529	49.238	3.6	34.9	501.9	32	29	4.1	0.24			93.9	2	2.2
4.28	46.695	49.326	3.5	34.8	277.4	29	15	4.05	0.28			96.1	2	0.6
4.29	46.86	49.41	4.2	35	94.4	12	6	4.01	0.35			97.9	0.7	0.2
4.3	47.026	49.494	3	34.3	79.8	4	6	3.95	0.29			99.3	0	0
4.31	47.066	49.578	3.1	34.6	67.9	6	4	4.07	0.35			98.8	0	0
4.32	47.106	49.663	3	34.4	88.7	12	4	4	0.46			99	0	0.3
4.33	47.146	49.747	4.5	35.2	76.6	9	4	4.05	0.45			97.8	0	0.4
4.34	47.245	49.835	1.8	33.8	58.6	7	2	3.97	0.35			99.5	0	0.2
4.35	47.282	49.918	2	33.9	187.9	40	9	4.01	0.41			99.7	0	0
4.36	47.318	50.001	2	34.1	268.2	62	11	4.07	0.41			99.8	0	0
4.37	47.355	50.073	3.1	34.5	256.2	77	9	3.99	0.44			99.3	0	0.2
4.38	47.391	50.155	3.1	34.6	304.9	57	24	4.1	0.44			99	0	0
4.39	47.443	50.231	4.2	35	266.9	90	8	4.02	0.46			98.5	0	0
4.4	47.494	50.313	3.3	34.6	299.7	180	10	4.01	0.43			98.7	0	0
4.41	47.546	50.391	4.1	34.8	186	57	11	3.94	0.38			98.3	0	0
4.42	47.597	50.467	4.2	34.9	170.1	32	9	3.95	0.26			98.3	0	0.2
4.43	47.649	50.549	3.7	34.6	203.5	60	14	3.92	0.27			98.4	0	0.2
4.44	47.736	50.629	3.1	34.4	247.1	92	14	3.97	0.33			99	0	0
4.45	47.823	50.708	3.6	34.7	266.8	105	9	4.02	0.26			98.4	0	0.7
4.46	47.91	50.787	3.6	34.6	196.8	89	4	3.92	0.27			98.9	0	0
4.47	47.997	50.863	2.9	34.3	227.4	26	13	3.94	0.28	3.84	0.82	99.2	0	0
4.48	48.084	50.937	3.4	34.6	264.1	23	15	4.02	0.3			98.4	0.2	0
4.49	48.171	51.009	3.4	34.6	176.4	42	8	3.97	0.31			98.3	0.2	0.2
4.5	48.258	51.083	3.1	34.5	169.6	34	6	4.03	0.25			99	0	0
4.51	48.345	51.156	3.8	34.8	252.9	50	15	4.02	0.23			97.5	0.6	0.8
4.52	48.433	51.231	3.8	34.7	344.7	72	22	3.95	0.23			97.1	0	0.6
4.53	48.52	51.301	3.3	34.5	291.1	85	10	3.94	0.23			98.1	0	0.9
4.54	48.607	51.373	4.1	34.8	286.4	108	10	3.93	0.26			97.7	0.3	0.6
4.55	48.694	51.448	3.3	34.3	242.3	105	9	3.88	0.18			98.8	0.2	0.5
4.56	48.781	51.521	3.8	34.6	388.3	206	10	3.88	0.16			97.4	0.7	0.5
4.57	48.868	51.593	3.9	34.6	407.2	245	12	3.88	0.23			96.5	1.1	1
4.58	48.955	51.666	3.8	34.4	444	288	7	3.75	0.16			94	1.5	2.5
4.58	48.998	51.666								3.68	1.5			
4.59	49.042	51.738	3.8	34.4	612.5	440	9	3.76	0.06			94.9	1.9	1.8
4.6	49.129	51.82	4.2	34	762.1	625	2	3.46	-0.02	3.61	1.46	92.4	3.1	2.8
4.61	49.193	51.894	4.7	34.4	492.6	357	4	3.55	0.09			88.6	4.9	4.5
4.62	49.256	51.97	4.4	34	151.2	38	2	3.41	0.03			85.7	6.7	5.6
4.62	49.288	51.97								3.6	1.65			
4.63	49.32	52.047	4.6	33.8	139.2	29	2	3.24	-0.02			86.4	6	5.7
4.64	49.496	52.123	3.9	33.3	206.5	54	1	3.16	-0.06			82.4	9.5	5.3
4.65	49.672	52.199	4.6	33.8	226.6	60	4	3.22	0.02			82.5	7.2	8
4.66	49.848	52.278	7.2	34.9	191.2	28	1	3.16	-0.08			74.8	8.8	13.7
4.67	50.023	52.357	7.8	35.2	245.3	25	2	3.16	-0.04			68	10.6	17.9
4.68	50.111	52.436								3.45	1.41			
4.68	50.199	52.436	7.6	35.1	167.6	14	1	3.18	-0.05			64.9	13.1	17.3
4.69	50.375	52.516	7.8	35.1	201.3	24	0	3.13	-0.05			59	11.8	24.4
4.7	50.551	52.594	8	35.3	268.6	36	2	3.16	-0.1	3.33	1.39	48.3	17	27.3
4.71	50.632	52.674	7.9	35.2	473.3	86	4	3.17	-0.1			55.4	16.4	21.7
4.72	50.714	52.755	7.9	35.6	427.9	107	4	3.34	-0.13			60.6	15.2	19.7
4.72	50.755	52.755								3.41	1.5			
4.73	50.795	52.841	7.8	36	433.6	134	11	3.64	-0.07			62.4	12	21.4
4.74	50.877	52.924	7.9	35.9	506	160	4	3.53	-0.06			59.6	15	20.5
4.75	50.958	53.003	7.8	35.4	351.9	28	14	3.26	-0.07	3.46	1.4	57.8	12.5	23.9
4.76	51.08	53.081	8	36	414.1	41	4	3.55	-0.03			53.8	13.4	29
4.77	51.202	53.156	7.9	35.7	628.8	76	11	3.4	-0.07			62.6	9	22.6
4.78	51.263	53.238								3.3	1.14			
4.78	51.324	53.238	7.8	35.9	665.2	64	10	3.55	-0.13			61.1	7.8	27.1
4.79	51.445	53.322	7.9	36.2	806.8	73	17	3.68	-0.04			65.9	9.3	21.5
4.8	51.567	53.404	7.8	36	762.6	60	5	3.59	-0.07			62.1	8.8	25.4
4.81	51.689	53.484	7.9	36	1106.4	104	18	3.54	-0.08			66.5	6.6	23.8
4.82	51.757	53.568	7.7	35.8	1606.8	149	30	3.45	-0.12			72.6	6.3	18.1
4.83	51.826	53.647	6.8	35.5	2537.9	258	103	3.53	-0.02			83.2	4.5	10.2
4.84	51.894	53.734	6.3	35.3	2109.2	210	80	3.53	-0.01			83.5	4.4	8.2
4.85	51.963	53.817	6.3	35.4	1956.8	187	48	3.61	0.04	3.19	1.21	84.3	4.1	8.1
4.86	52.031	53.896	7.1	35.6	2775	250	45	3.5	0.02			80.8	5.1	9.8
4.87	52.099	53.978	7	35.9	3856.1	185	71	3.65	0.06	3.52	1.27	81.7	3.9	10.5
4.88	52.133	54.06								3.36	1.37			
4.88	52.168	54.06	5.9	35.4	5046.2	310	112	3.64	-0.1			85.4	4.8	8
4.89	52.236	54.137	4.1	34.8	5616.2	210	105	3.8	-0.02			91.8	1.8	4.5
4.9	52.438	54.216	4.4	35.2	6008.7	408	66	3.89	-0.01	3.38	1.36	89.1	2.5	6.1
4.91	52.639	54.291	6.2	36	5471.6	561	43	3.85	-0.04			83.8	4.1	8.5
4.92	52.841	54.369	7.3	36.4	2792	282	25	3.81	0.01			74.7	7.5	13.8
4.93	52.945	54.446	6.9	36.1	3889.4	309	21	3.7	-0.17	3.45	1.33	80.7	6.4	10.7
4.94	53.05	54.52	6	35.8	1109.8	61	6	3.78	-0.08			84.8	3.9	9.2
4.95	53.154	54.596	4.1	34.8	9845.9	561	97	3.71	0.1	3.3	1.25	92.1	2.2	3.9
4.96	53.258	54.675	3.7	34.6	12081.4	662	126	3.7	0.2			92.8	2	3.3
4.97	53.315	54.762	4.1	34.8	4927.1	207	76	3.69	-0.01			93.1	2	4.3
4.98	53.373	54.853	4.8	35	281.7	12	6	3.61	0.04			89.8	3.4	5.4
4.99	53.43	54.95	4.1	34.8	526.9	22	10	3.72	-0.02			90.2	2.4	6.3
5	53.487	55.055	5.5	35.6	462.4	12	28	3.78	-0.05	3.51	1.44	87.4	3	8.2
5.01	53.545	55.155	5.7	35.8	368.8	11	29	3.85	-0.09			85.7	3.2	8.6
5.02	53.602	55.252	6.9	36.3	381.1	11	29	3.82	-0.21			81.3	5.5	10.2
5.03	53.659	55.344	7.2	36.6	334.4	19	16	3.92	-0.01	3.53	1.29	78.2	3.7	15.1
5.04	53.716	55.435	7.2	36.5	284.5	18	16	3.85	-0.12			74.7	5.6	17.6
5.05	53.774	55.52	6.9	36.3	421.2	12	22	3.84	0	3.46	1.24	79.3	4.8	13.2
5.06	53.831	55.608	7.1	36.5	427.9	31	28	3.87	0			79.2	4.7	12.7
5.07	53.914		4.8	35.1	337.1	40	13	3.7	-0.02			88	4.4	5.6
5.08	53.997		4	34.9	330.1	16	16	3.82	-0.1			90.9	3.9	3.4
5.09	54.13		5.3	35.5	464.2	23	15	3.78	-0.13			86.5	5.7	4.9
5.1	54.264		4.8	35.3	506.1	27	27	3.83	-0.13	3.64	1.31	85.6	5.7	5.3
5.11	54.397		6.8	35.9	439.2	20	16	3.65	-0.09	3.55	1.21	81	5.7	8.8
5.12	54.53		4.8	35.3	491	26	14	3.83	-0.1			83.5	7	5.9
5.12	54.597									3.48	1.36			
5.13	54.663		4.6	35	726.9	23	41	3.74	-0.09			84.9	7.1	5.2
5.14	54.797		4.4	35	437.1	17	23	3.79	0.02			86.2	5.4	5.9
5.15	54.93		4.6	35.7	457.9	16	24	4.12	-0.18			87	5.8	4.7
5.16	55.063		4.8	35.6	507.8	14	25	4.01	-0.21			81.5	8.1	7
5.17	55.196		4.9	35.5	490	20	26	3.92	-0.2			75.1	12.5	9.4
5.18	55.263									3.4	1.25			
5.18	55.33		4.4	35.1	476.7	25	30	3.82	-0.22			80.4	9.7	6.7
5.19	55.463		4.4	35	431.5	20	17	3.8	-0.23			78.9	10.3	6.6
5.2	55.596		4.8	35.4	487.6	31	18	3.89	-0.13	3.54	1.13	83.8	7.8	5.9
5.21	55.729		4.9	35.3	359.1	10	16	3.84	-0.17			87.2	5	4.3
5.22	55.863		4.6	35.2	494.2	27	27	3.85	-0.15			89.3	5	2.6
5.22	55.929									3.57	1.17			
5.23	55.996		4.8	35.2	266.1	9	14	3.82	-0.14			84.2	6.8	6.8
5.24	56.129		4.1	34.6	273.2	16	17	3.66	-0.18			79.2	9.1	8.5
5.25	56.262		4.2	34.9	369.3	18	20	3.79	-0.15	3.75	1.16	79.1	9.3	7.9
5.26	56.396		6.2	35.8	513.7	25	37	3.74	-0.3			82	6.5	8.6
5.27	56.529		7.3	36	357.2	19	22	3.61	-0.12			75.2	7.7	11.9
5.28	56.595									3.61	1.15			
5.28	56.662		7.3	35.7	501.3	20	29	3.41	-0.33			77.3	5.3	13.3
5.29	56.686		4.5	34	717.3	50	52	3.23	-0.44			91.2	1.6	3.9
5.3	56.709		4	33.7	975.9	42	55	3.16	-0.42	3.75	1.16	94.8	1.3	2
5.31	56.744		4.9	34.6	817.5	38	53	3.43	-0.3			88.6	4.2	4.1
5.32	56.779		4.1	34.3	661	20	36	3.47	-0.32			90.9	3.1	3.6
5.32	56.797									3.43	1.07			
5.33	56.814		4.1	34.2	589.7	33	46	3.45	-0.22			92.1	2.5	3.8
5.34	56.849		4.8	35	566.7	28	24	3.68	-0.18			86.9	5.8	4.8
5.35	56.884		6.7	36	355.2	13	23	3.77	-0.33	3.6	1.05	78	7.6	9.9
5.36	56.917		5.8	35.6	279.6	8	18	3.79	-0.16			83.6	6.4	7.8
5.37	56.949		2.6	33.2	630.4	10	32	3.3	-0.23			95.8	1.5	1.2
5.38	57.064									3.57	1.1			
5.38	57.179		3.6	33.6	771.3	25	73	3.23	-0.33			92.9	2	3.1
5.39	57.408		5.7	35.5	262.5	14	18	3.73	-0.19			86.7	3.7	7.3
5.41	57.867									3.45	0.94			
5.42	58.211									3.96	1.37			
5.45	58.785									3.7	1.22			
5.48	59.359									3.74	1.45			
5.51	60.162									4.12	1.63			
5.52	60.506									4.18	1.66			
5.55	61.08									3.58	1.42			
5.58	61.654									4.17	1.7			
5.61	62.457									3.82	1.36			
5.62	62.801									3.84	1.29			
5.65	63.375									3.69	1.32			
5.68	63.949									3.73	1.37			
5.72	65.096									3.8	1.41			
5.75	65.67									3.82	1.39			
5.78	66.244									3.73	1.26			
5.81	67.047									3.65	1.36			
