/* DESCRIPTION:
Reference:	Fleitmann, D., H. Cheng, S. Badertscher, R.L. Edwards, M. Mudelsee, O.M. Göktürk, A. Fankhauser, R. Pickering, C.C. Raible, A. Matter, J. Kramers, and O. Tüysüz.  2009. Timing and climatic impact of Greenland interstadials recorded in stalagmites from northern Turkey. Geophys. Res. Lett., 36, L19707, doi:10.1029/2009GL040050
Data from:	https://www.ncei.noaa.gov/access/paleo-search/study/8637. Accessed 22 Nov 2022.
Comment:	Years were converted to ka.
*/
Age [ka BP]	  del13C	    del18O
-0.056	-10.18	-8.39
-0.05408	-10.03	-8.13
-0.05215	-11.07	-8.05
-0.05023	-11.02	-8.28
-0.0483	-10.42	-8.18
-0.04638	-10.09	-8.31
-0.04445	-10.62	-8.38
-0.04253	-10.72	-8.37
-0.0406	-10.24	-8.45
-0.03868	-10.62	-8.26
-0.03675	-10.46	-8.39
-0.03483	-10.33	-8.29
-0.03291	-10.04	-8.36
-0.03098	-9.73	-8.5
-0.02906	-9.69	-8.73
-0.02713	-9.48	-8.43
-0.02521	-9.77	-8.3
-0.02328	-9.92	-8.4
-0.02136	-9.95	-8.42
-0.01943	-9.38	-8.62
-0.01751	-9.42	-8.27
-0.01558	-9.4	-8.04
-0.01366	-9.23	-8.05
-0.01174	-9.39	-8.02
-0.00981	-9.8	-8.04
-0.00789	-9.32	-8.03
-0.00596	-9.56	-8.07
-0.00404	-9.37	-7.97
-0.00211	-9.1	-7.96
-0.00019	-9.22	-7.91
0.00174	-9.58	-8.04
0.00366	-9.3	-8.42
0.00558	-9.08	-8.39
0.00751	-9.12	-8.35
0.00943	-9.2	-8.23
0.01136	-8.98	-8.15
0.01328	-9.28	-7.87
0.01521	-9.74	-8.04
0.01713	-9.97	-8.18
0.01906	-9.28	-8.18
0.02098	-8.84	-8.19
0.02291	-9	-8.31
0.02483	-8.96	-8.05
0.02675	-8.69	-7.96
0.02868	-8.69	-7.75
0.0306	-8.69	-7.69
0.03253	-8.81	-7.81
0.03445	-9.02	-7.83
0.03638	-8.93	-7.69
0.0383	-9.26	-7.68
0.04023	-9.3	-7.82
0.04215	-9.09	-7.76
0.04408	-9	-7.77
0.046	-9.15	-7.85
0.04792	-9.49	-7.84
0.04985	-9.7	-7.89
0.05177	-9.46	-7.78
0.0537	-9.68	-7.73
0.05562	-9.47	-7.63
0.05755	-9.35	-7.49
0.05947	-9.19	-7.33
0.0614	-9.58	-7.43
0.06332	-9.62	-7.84
0.06525	-9.85	-8.02
0.06717	-9.64	-8.06
0.06909	-9.52	-8.02
0.07102	-9.71	-7.85
0.07294	-9.62	-7.66
0.07487	-9.58	-7.82
0.07679	-9.69	-7.91
0.07872	-9.9	-7.99
0.08064	-9.8	-7.97
0.08257	-9.51	-7.89
0.08449	-9.25	-8
0.08642	-9.44	-7.92
0.08834	-9.45	-7.89
0.09026	-9.68	-7.92
0.09219	-9.62	-7.97
0.09411	-9.46	-7.99
0.09604	-9.73	-7.91
0.09796	-9.68	-7.81
0.09989	-9.56	-7.98
0.10181	-9.86	-8.18
0.10374	-10.04	-8.22
0.10566	-10.16	-8.27
0.10758	-10.22	-8.11
0.10951	-10.27	-8.13
0.11143	-10.29	-7.99
0.11336	-10.05	-7.92
0.11528	-10.09	-8.3
0.11721	-9.85	-8
0.11913	-10.03	-8.26
0.12106	-9.97	-8.26
0.12298	-9.72	-7.89
0.12491	-9.91	-7.88
0.12683	-10.15	-7.89
0.12875	-10.25	-8.14
0.13068	-9.81	-7.98
0.1326	-9.85	-7.88
0.13453	-10.39	-7.94
0.13645	-10.08	-7.97
0.13838	-9.98	-8.03
0.1403	-10.03	-8.07
0.14223	-9.75	-7.76
0.14415	-10	-7.7
0.14608	-10.08	-7.67
0.148	-9.94	-7.71
0.14992	-9.93	-7.8
0.15185	-10.08	-7.89
0.15377	-10.24	-7.97
0.1557	-10.02	-7.96
0.15762	-9.85	-8.05
0.15955	-10.15	-8.1
0.16147	-10.06	-8.13
0.1634	-10.06	-8.23
0.16532	-9.79	-8.03
0.16725	-9.94	-7.8
0.16917	-10.21	-7.88
0.17109	-9.89	-7.7
0.17302	-9.56	-7.78
0.17494	-9.49	-7.77
0.17687	-9.82	-7.94
0.17879	-10.07	-7.67
0.18072	-10.01	-7.7
0.18264	-10.28	-7.55
0.18457	-10.11	-7.52
0.18649	-10.05	-7.5
0.18842	-10.64	-7.85
0.19034	-10.24	-7.86
0.19226	-10.18	-7.87
0.19419	-9.96	-7.87
0.19611	-9.93	-7.88
0.19804	-9.94	-7.64
0.19996	-10.11	-7.62
0.20189	-9.91	-7.67
0.20381	-9.68	-7.58
0.20574	-9.67	-7.5
0.20766	-9.58	-7.61
0.20958	-9.65	-7.52
0.21151	-9.66	-7.52
0.21343	-9.72	-7.64
0.21536	-9.6	-7.72
0.21728	-9.69	-7.8
0.21921	-9.64	-7.77
0.22113	-9.5	-7.8
0.22306	-9.42	-7.89
0.22498	-9.66	-7.89
0.22691	-9.91	-8.16
0.22883	-9.76	-8.22
0.23075	-9.45	-8.04
0.23268	-9.4	-8.1
0.2346	-9.37	-8.02
0.23653	-9.12	-7.79
0.23845	-9.36	-7.78
0.24038	-9.85	-7.96
0.2423	-9.64	-8
0.24423	-9.29	-7.93
0.24615	-9.1	-7.98
0.24808	-9.45	-7.84
0.25	-9.54	-7.85
0.25322	-9.71	-7.91
0.25644	-9.61	-8.01
0.25966	-9.59	-7.98
0.26287	-9.44	-7.9
0.26609	-9.63	-7.96
0.26931	-9.41	-7.9
0.27253	-9.4	-7.81
0.27575	-9.31	-7.74
0.27897	-9.48	-7.96
0.28218	-9.3	-8.19
0.2854	-9.36	-8.19
0.28862	-9.27	-8.2
0.29184	-9.03	-8.2
0.29506	-9.08	-8.11
0.29828	-9.05	-8.12
0.30149	-9.01	-8.4
0.30471	-8.79	-8.26
0.30793	-8.98	-8.07
0.31115	-8.97	-8.08
0.31437	-9.07	-8.12
0.31759	-9.03	-8.07
0.3208	-9.46	-8.21
0.32402	-9.36	-8.09
0.32724	-9.47	-8.1
0.33046	-9.37	-8.16
0.33368	-9.6	-8.29
0.3369	-9.63	-8.22
0.34011	-9.77	-8.25
0.34333	-9.8	-8.25
0.34655	-9.73	-8.3
0.34977	-9.65	-8.16
0.35299	-9.73	-8.08
0.35621	-9.98	-7.99
0.35943	-9.86	-8.11
0.36264	-9.69	-8.21
0.36586	-9.93	-8.2
0.36908	-9.76	-8.12
0.3723	-9.77	-8.12
0.37552	-9.82	-8.27
0.37874	-9.77	-8.34
0.38195	-9.69	-8.28
0.38517	-9.7	-8.34
0.38839	-9.59	-8.28
0.39161	-9.83	-8.23
0.39483	-9.75	-8.19
0.39805	-9.57	-8.12
0.40126	-10.04	-8.15
0.40448	-9.99	-8.26
0.4077	-9.96	-8.21
0.41092	-9.69	-8.02
0.41414	-9.79	-8.17
0.41736	-9.74	-8.25
0.42057	-9.6	-8.45
0.42379	-9.58	-8.35
0.42701	-9.81	-8.28
0.43023	-9.62	-8.28
0.43345	-9.66	-8.19
0.43667	-9.83	-8.23
0.43989	-10.07	-8.22
0.4431	-10.08	-8.3
0.44632	-10.08	-8.32
0.44954	-9.88	-8.35
0.45276	-9.73	-8.29
0.45598	-9.83	-8.17
0.4592	-10.03	-8.18
0.46241	-9.96	-8.22
0.46563	-9.94	-8.28
0.46885	-9.86	-8.23
0.47207	-9.93	-8.17
0.47529	-10.14	-8.22
0.47851	-10.13	-8.3
0.48172	-10.18	-8.39
0.48494	-10.02	-8.32
0.48816	-9.68	-8.21
0.49138	-9.95	-8.25
0.4946	-10.1	-8.36
0.49782	-10.02	-8.42
0.50103	-10.08	-8.37
0.50425	-10.13	-8.44
0.50747	-10.09	-8.35
0.51069	-10.12	-8.38
0.51391	-10.02	-8.37
0.51713	-10.08	-8.23
0.52034	-10.12	-8.17
0.52356	-10	-8.08
0.52678	-10.05	-8.17
0.53	-9.94	-8.25
0.53733	-10.37	-8.32
0.54466	-10.37	-8.36
0.55199	-10.15	-8.26
0.55931	-10	-8.22
0.56664	-9.93	-8.28
0.57397	-9.94	-8.37
0.5813	-9.93	-8.43
0.58863	-10.03	-8.41
0.59596	-10.08	-8.31
0.60328	-10.1	-8.21
0.61061	-10.14	-8.15
0.61794	-10.17	-8.15
0.62527	-10.02	-8.44
0.6326	-9.83	-8.31
0.63993	-10.13	-8.14
0.64725	-10.28	-8.05
0.65458	-10.02	-8.11
0.66191	-9.98	-8.07
0.66924	-10.08	-8.06
0.67657	-10.15	-8.26
0.6839	-9.96	-8.1
0.69122	-9.68	-8.27
0.69855	-9.53	-8.35
0.70588	-9.73	-8.34
0.71321	-9.69	-8.17
0.72054	-9.64	-8.37
0.72787	-9.66	-8.32
0.73519	-9.72	-8.21
0.74252	-9.74	-8.17
0.74985	-9.92	-7.97
0.75718	-10.1	-8.02
0.76451	-10.28	-8.14
0.77184	-10.25	-8.25
0.77916	-10.21	-8.15
0.78649	-10.26	-8.14
0.79382	-10.15	-8.23
0.80115	-10.13	-8.21
0.80848	-10.12	-8.16
0.81581	-10.15	-8.26
0.82313	-10.1	-8.24
0.83046	-10.17	-8.17
0.83779	-10.07	-8.25
0.84512	-10.04	-8.47
0.85245	-10.04	-8.27
0.85978	-10.02	-8.1
0.8671	-10.18	-8.08
0.87443	-10.36	-8.2
0.88176	-10.28	-8.26
0.88909	-10.21	-8.22
0.89642	-10.26	-8.32
0.90375	-10.09	-8.2
0.91107	-10.16	-8.25
0.9184	-10.15	-8.14
0.92573	-10.1	-7.98
0.93306	-9.92	-7.97
0.94039	-10.1	-8.01
0.94772	-9.97	-7.98
0.95504	-9.84	-7.98
0.96237	-9.98	-8.02
0.9697	-9.99	-8.03
0.97703	-10.06	-8.16
0.98436	-10.13	-8.25
0.99169	-10.02	-8.17
0.99901	-10.02	-8.17
1.00634	-10.13	-8.23
1.01367	-10.04	-8.15
1.021	-10.26	-8.11
1.02868	-10.06	-8.19
1.03636	-10.27	-8.37
1.04404	-10.28	-8.34
1.05172	-10.15	-8.14
1.05941	-10.15	-8.06
1.06709	-10.24	-8.11
1.07477	-10.23	-8.19
1.08245	-10.1	-8.16
1.09013	-10.29	-8.1
1.09781	-9.84	-8.05
1.10549	-9.81	-7.87
1.11317	-9.86	-7.85
1.12086	-9.99	-8.03
1.12854	-9.85	-8.18
1.13622	-9.86	-8.27
1.1439	-9.8	-8.31
1.15158	-9.76	-8.16
1.15926	-9.94	-8.13
1.16694	-9.81	-8.34
1.17462	-10.1	-8.39
1.1823	-10.13	-8.62
1.18999	-9.93	-8.52
1.19767	-9.68	-8.35
1.20535	-9.57	-8.41
1.21303	-9.61	-8.34
1.22071	-9.76	-8.26
1.22839	-10.03	-8.36
1.23607	-9.8	-8.4
1.24375	-9.83	-8.19
1.25143	-9.84	-8.26
1.25912	-10.24	-8.32
1.2668	-10.21	-8.16
1.27448	-10.48	-8
1.28216	-10.66	-7.97
1.28984	-10.62	-8.2
1.29752	-10.46	-8.28
1.3052	-10.64	-8.23
1.31288	-10.85	-8.22
1.32057	-10.73	-8.27
1.32825	-10.76	-8.18
1.33593	-10.69	-8.19
1.34361	-10.71	-8.18
1.35129	-10.83	-8.21
1.35897	-10.66	-8.34
1.36665	-10.25	-8.44
1.37433	-10.29	-8.33
1.38201	-10.38	-8.38
1.3897	-10.34	-8.47
1.39738	-10.3	-8.43
1.40506	-10.34	-8.31
1.41274	-10.34	-8.09
1.42042	-10.31	-7.91
1.4281	-10.4	-7.99
1.43578	-10.28	-8.05
1.44346	-10.04	-8.35
1.45114	-10.06	-8.34
1.45883	-9.96	-8.29
1.46651	-10.14	-8.16
1.47419	-10.08	-8.16
1.48187	-10.11	-8.23
1.48955	-10.01	-8.18
1.49723	-9.63	-7.71
1.50491	-9.57	-7.85
1.51259	-9.54	-7.85
1.52028	-9.43	-7.99
1.52796	-9.43	-7.89
1.53564	-9.61	-7.84
1.54332	-9.47	-7.67
1.551	-9.39	-7.55
1.55852	-9.51	-7.5
1.56604	-9.43	-7.5
1.57356	-9.48	-7.67
1.58108	-9.66	-7.71
1.5886	-9.67	-7.75
1.59612	-9.68	-7.66
1.60363	-9.72	-7.69
1.61115	-9.84	-7.92
1.61867	-9.79	-7.97
1.62619	-10.17	-7.9
1.63371	-10.18	-8.08
1.64123	-10.41	-8.12
1.64875	-10.34	-8.07
1.65627	-9.92	-7.97
1.66379	-10.29	-8.08
1.67131	-10.15	-8.09
1.67883	-10	-8.03
1.68635	-10.01	-7.9
1.69387	-10.17	-8.08
1.70138	-10.28	-8.03
1.7089	-10.05	-8.03
1.71642	-9.94	-8.09
1.72394	-9.99	-8.04
1.73146	-10.14	-7.96
1.73898	-10.02	-7.88
1.7465	-9.87	-7.81
1.75402	-9.95	-7.85
1.76154	-10.14	-7.9
1.76906	-10.19	-8.11
1.77658	-10.27	-8.05
1.7841	-10.06	-7.97
1.79162	-10.04	-8.05
1.79913	-9.99	-8.04
1.80665	-9.91	-7.97
1.81417	-10.05	-8.01
1.82169	-9.94	-8.01
1.82921	-9.83	-8.09
1.83673	-9.69	-8.15
1.84425	-9.67	-8.1
1.85177	-9.85	-8.14
1.85929	-9.79	-8.2
1.86681	-9.81	-8.16
1.87433	-9.74	-8.02
1.88185	-9.73	-7.99
1.88937	-9.84	-7.98
1.89688	-9.96	-8.02
1.9044	-10	-8.08
1.91192	-10.02	-8.08
1.91944	-10.09	-8.12
1.92696	-10.12	-8.1
1.93448	-9.99	-7.97
1.942	-9.91	-7.94
1.95236	-9.77	-7.9
1.96272	-9.88	-8.04
1.97308	-9.89	-8.04
1.98344	-9.99	-8.06
1.9938	-9.99	-8.02
2.00416	-9.91	-7.98
2.01452	-10.07	-8
2.02488	-10.24	-7.99
2.03524	-10.31	-8.07
2.0456	-10.21	-8.12
2.05596	-10.15	-8.28
2.06632	-9.79	-8.26
2.07668	-9.91	-8.41
2.08704	-9.95	-8.4
2.0974	-9.87	-8.45
2.10776	-9.93	-8.32
2.11812	-10.12	-8.23
2.12848	-9.88	-7.99
2.13884	-9.95	-8.08
2.1492	-10.18	-8.15
2.15956	-10.15	-8.14
2.16992	-10.12	-8.08
2.18028	-10.21	-8.13
2.19064	-10.3	-8.16
2.201	-10.22	-8.15
2.21136	-10.09	-8.22
2.22172	-10.11	-8.22
2.23208	-10.19	-8.16
2.24244	-10.29	-8.24
2.2528	-10.31	-8.31
2.26316	-10.19	-8.21
2.27352	-10.13	-8.27
2.28388	-9.96	-8.33
2.29424	-10.13	-8.38
2.3046	-10.13	-8.28
2.31496	-10.11	-8.23
2.32532	-10.11	-8.3
2.33568	-10.12	-8.25
2.34604	-10.14	-8.26
2.3564	-10.17	-8.19
2.36676	-10.08	-8.12
2.37712	-9.99	-8.12
2.38748	-10.03	-8.1
2.39784	-10.03	-8.06
2.4082	-10.02	-8
2.41856	-10.19	-8.13
2.42892	-10.44	-8.13
2.43928	-10.43	-8.05
2.44964	-10.26	-8.06
2.46	-10.34	-8.07
2.46565	-10.32	-8.08
2.4713	-10.23	-8.08
2.47695	-10.23	-8.09
2.4826	-10.29	-7.99
2.48825	-10.4	-8.12
2.49389	-10.37	-8.18
2.49954	-10.34	-8.15
2.50519	-10.23	-8.03
2.51084	-10.11	-8.04
2.51649	-10.63	-8.23
2.52214	-10.66	-8.16
2.52779	-10.65	-8.04
2.53344	-10.39	-7.94
2.53909	-10.5	-8.08
2.54474	-10.56	-8
2.55039	-10.41	-7.99
2.55604	-10.55	-7.95
2.56168	-10.43	-8.1
2.56733	-10.57	-8.02
2.57298	-10.52	-8.1
2.57863	-10.79	-8.17
2.58428	-10.75	-8.16
2.58993	-10.03	-8.18
2.59558	-10.26	-7.99
2.60123	-10.42	-8
2.60688	-10.26	-8.17
2.61253	-10.17	-8.06
2.61818	-10.07	-8.15
2.62382	-10.19	-8.11
2.62947	-10.15	-8.1
2.63512	-10.61	-8.2
2.64077	-10.58	-8.12
2.64642	-10.46	-8.01
2.65207	-10.45	-8.06
2.65772	-10.5	-8.01
2.66337	-10.51	-8.25
2.66902	-10.47	-8.13
2.67467	-10.3	-8.14
2.68032	-10.55	-8.11
2.68596	-10.77	-8.04
2.69161	-10.6	-8.05
2.69726	-10.39	-7.93
2.70291	-10.45	-7.91
2.70856	-10.63	-8.05
2.71421	-10.48	-7.97
2.71986	-10.28	-7.83
2.72551	-10.25	-8.04
2.73116	-10.21	-8.07
2.73681	-10.42	-8.01
2.74246	-10.51	-8.09
2.74811	-10.47	-8.02
2.75375	-10.71	-7.99
2.7594	-10.43	-7.97
2.76505	-10.36	-7.96
2.7707	-10.69	-8.05
2.77635	-11	-8.09
2.782	-10.73	-8.1
2.78994	-10.83	-8.1
2.79787	-10.53	-8.17
2.80581	-10.47	-8.05
2.81374	-10.09	-8.23
2.82168	-10.15	-8.09
2.82961	-10.08	-8.18
2.83755	-10.3	-8.07
2.84548	-10.34	-8.06
2.85342	-10.39	-8.07
2.86135	-10.32	-8.09
2.86929	-10.08	-8.03
2.87723	-9.96	-8.04
2.88516	-10.34	-8.09
2.8931	-10.28	-8.03
2.90103	-10.39	-8.19
2.90897	-10.14	-8.1
2.9169	-10.15	-8.12
2.92484	-10.6	-8.13
2.93277	-10.82	-8.19
2.94071	-10.49	-8.18
2.94865	-10	-8.07
2.95658	-9.9	-8.02
2.96452	-10.15	-8.14
2.97245	-10.64	-8.11
2.98039	-10.66	-8.09
2.98832	-10.56	-8.01
2.99626	-10.29	-7.96
3.00419	-10.45	-8.03
3.01213	-10.55	-8.11
3.02006	-10.5	-8.01
3.028	-10.7	-8.05
3.03594	-10.74	-8.01
3.04387	-10.48	-8.05
3.05181	-10.43	-7.96
3.05974	-10.41	-7.83
3.06768	-10.32	-7.89
3.07561	-10.63	-7.91
3.08355	-10.55	-7.94
3.09148	-10.64	-8
3.09942	-10.48	-7.9
3.10735	-10.53	-7.83
3.11529	-10.45	-7.89
3.12323	-10.43	-7.9
3.13116	-10.36	-7.98
3.1391	-10.5	-7.92
3.14703	-10.64	-8.01
3.15497	-10.62	-8.12
3.1629	-10.78	-8.1
3.17084	-10.94	-8.11
3.17877	-10.95	-8.01
3.18671	-10.94	-8.15
3.19465	-11.07	-8.28
3.20258	-11.22	-8.25
3.21052	-11.22	-8.22
3.21845	-11.32	-8.29
3.22639	-11.29	-8.28
3.23432	-11.26	-8.2
3.24226	-10.9	-8.23
3.25019	-10.89	-8.22
3.25813	-10.94	-8.11
3.26606	-11.02	-8.01
3.274	-10.72	-8.04
3.27654	-10.62	-8.15
3.27907	-10.92	-8.09
3.28161	-11	-8.16
3.28414	-10.66	-8.04
3.28668	-10.77	-8.07
3.28922	-10.5	-8.15
3.29175	-10.78	-7.97
3.29429	-10.72	-8.05
3.29683	-10.83	-7.98
3.29936	-10.88	-7.95
3.3019	-10.88	-7.95
3.30443	-10.85	-7.96
3.30697	-10.84	-8
3.30951	-10.76	-7.97
3.31204	-10.85	-8.01
3.31458	-10.77	-7.93
3.31712	-10.86	-7.92
3.31965	-10.94	-7.95
3.32219	-10.98	-8.01
3.32472	-10.69	-8.07
3.32726	-10.93	-8.05
3.3298	-11.12	-8.05
3.33233	-10.96	-8.12
3.33487	-11	-8.17
3.33741	-10.99	-8.14
3.33994	-10.96	-8.25
3.34248	-10.99	-8.19
3.34501	-11.03	-8.25
3.34755	-11.07	-8.22
3.35009	-11.22	-8.17
3.35262	-11.14	-8.19
3.35516	-11.02	-8.19
3.3577	-11.01	-8.19
3.36023	-11.28	-8.19
3.36277	-11.27	-8.21
3.3653	-11.31	-8.19
3.36784	-11.08	-8.23
3.37038	-11.25	-8.15
3.37291	-11.25	-8.15
3.37545	-11.18	-8.12
3.37799	-11.29	-8.12
3.38052	-11.38	-8.16
3.38306	-11.25	-8.11
3.38559	-11.18	-8.14
3.38813	-11.27	-8.11
3.39067	-11.26	-8.11
3.3932	-11.34	-8.18
3.39574	-11.36	-8.13
3.39828	-11.33	-8.1
3.40081	-11.41	-8.1
3.40335	-11.47	-8.08
3.40588	-11.48	-8.06
3.40842	-11.4	-8.09
3.41096	-11.43	-8.16
3.41349	-11.36	-8.03
3.41603	-11.4	-8.13
3.41857	-11.32	-8.2
3.4211	-11.4	-8.25
3.42364	-11.43	-8.27
3.42617	-11.49	-8.29
3.42871	-11.4	-8.4
3.43125	-11.42	-8.33
3.43378	-11.44	-8.31
3.43632	-11.41	-8.3
3.43886	-11.37	-8.32
3.44139	-11.39	-8.37
3.44393	-11.29	-8.34
3.44646	-11.27	-8.43
3.449	-11.26	-8.34
3.45154	-11.38	-8.34
3.45407	-11.32	-8.33
3.45661	-11.39	-8.33
3.45914	-11.36	-8.34
3.46168	-11.35	-8.35
3.46422	-11.27	-8.26
3.46675	-11.37	-8.38
3.46929	-11.43	-8.45
3.47183	-11.5	-8.44
3.47436	-11.39	-8.48
3.4769	-11.5	-8.52
3.47943	-11.47	-8.62
3.48197	-11.45	-8.62
3.48451	-11.48	-8.59
3.48704	-11.42	-8.52
3.48958	-11.39	-8.56
3.49212	-11.46	-8.48
3.49465	-11.56	-8.53
3.49719	-11.51	-8.46
3.49972	-11.47	-8.48
3.50226	-11.41	-8.42
3.5048	-11.41	-8.44
3.50733	-11.25	-8.31
3.50987	-11.2	-8.28
3.51241	-11.27	-8.24
3.51494	-11.2	-8.35
3.51748	-11	-8.25
3.52001	-10.99	-8.26
3.52255	-10.96	-8.2
3.52509	-10.96	-8.15
3.52762	-10.72	-8.08
3.53016	-10.71	-8.1
3.5327	-10.71	-8.17
3.53523	-10.73	-8.1
3.53777	-10.59	-8.17
3.5403	-10.63	-8.18
3.54284	-10.79	-8.2
3.54538	-10.81	-8.23
3.54791	-10.93	-8.24
3.55045	-10.85	-8.23
3.55299	-10.8	-8.22
3.55552	-10.9	-8.1
3.55806	-10.81	-8.14
3.56059	-10.93	-8.13
3.56313	-10.89	-8.13
3.56567	-10.9	-8.14
3.5682	-10.77	-8.02
3.57074	-10.77	-8.09
3.57328	-10.66	-8.04
3.57581	-10.79	-8.13
3.57835	-10.73	-8.05
3.58088	-10.84	-8.05
3.58342	-10.86	-8.15
3.58596	-10.84	-8.07
3.58849	-10.48	-7.93
3.59103	-10.2	-8
3.59357	-10	-8.02
3.5961	-10.1	-8.01
3.59864	-9.96	-8.12
3.60117	-10.06	-7.99
3.60371	-10.41	-8.1
3.60625	-10.46	-8.06
3.60878	-10.47	-8.06
3.61132	-10.4	-7.98
3.61386	-10.51	-8
3.61639	-10.33	-7.97
3.61893	-10.51	-8.05
3.62146	-10.57	-7.95
3.624	-10.59	-8.05
3.62692	-10.91	-8.06
3.62984	-10.89	-7.99
3.63277	-10.91	-8
3.63569	-11.04	-8.05
3.63861	-10.97	-8.07
3.64153	-10.91	-8.02
3.64445	-10.99	-7.96
3.64738	-10.89	-7.98
3.6503	-10.91	-7.99
3.65322	-11.1	-7.97
3.65614	-11.17	-8.02
3.65906	-11.08	-8.02
3.66199	-11.08	-8
3.66491	-11.04	-7.96
3.66783	-11.05	-7.95
3.67075	-10.97	-7.94
3.67368	-10.93	-8
3.6766	-11.06	-7.99
3.67952	-10.82	-8.04
3.68244	-10.76	-7.93
3.68536	-10.75	-8
3.68829	-10.68	-8.09
3.69121	-10.65	-8.06
3.69413	-10.77	-8.07
3.69705	-10.86	-8.08
3.69997	-10.94	-8.12
3.7029	-10.94	-8.03
3.70582	-10.84	-7.97
3.70874	-10.92	-7.99
3.71166	-10.8	-8.01
3.71458	-10.88	-7.86
3.71751	-11.03	-7.93
3.72043	-10.9	-7.98
3.72335	-10.97	-8.03
3.72627	-10.99	-8.01
3.72919	-10.94	-7.95
3.73212	-10.95	-7.87
3.73504	-10.97	-7.92
3.73796	-10.84	-8
3.74088	-10.99	-8.03
3.74381	-10.9	-7.9
3.74673	-10.83	-7.89
3.74965	-10.83	-7.89
3.75257	-10.77	-7.89
3.75549	-10.96	-7.97
3.75842	-10.97	-8.03
3.76134	-11.06	-7.94
3.76426	-11.12	-7.93
3.76718	-11.2	-8.05
3.7701	-11.16	-8.02
3.77303	-11.11	-8
3.77595	-11.11	-8.01
3.77887	-11.11	-8.07
3.78179	-11.14	-7.97
3.78471	-11.04	-8.1
3.78764	-10.99	-8.04
3.79056	-10.98	-8.09
3.79348	-10.96	-8
3.7964	-11.03	-7.99
3.79932	-11.03	-8.07
3.80225	-11.08	-8.04
3.80517	-11.17	-8.02
3.80809	-11.2	-8.12
3.81101	-10.95	-8.11
3.81394	-11	-8.07
3.81686	-10.89	-8.06
3.81978	-10.95	-8.07
3.8227	-11.04	-8.1
3.82562	-10.99	-8.06
3.82855	-11.07	-8.06
3.83147	-11.17	-8.15
3.83439	-11.15	-8.16
3.83731	-11.2	-8.11
3.84023	-11.11	-8.11
3.84316	-10.97	-8.08
3.84608	-11	-8.05
3.849	-11.01	-8.09
3.85192	-11.07	-8.12
3.85484	-11.03	-8.11
3.85777	-11.12	-8.15
3.86069	-11.13	-8.14
3.86361	-11.13	-8.31
3.86653	-11.04	-8.33
3.86945	-11.01	-8.32
3.87238	-11.01	-8.29
3.8753	-10.99	-8.28
3.87822	-10.74	-8.34
3.88114	-11.01	-8.26
3.88406	-10.9	-8.18
3.88699	-10.84	-8.16
3.88991	-10.98	-8.21
3.89283	-10.98	-8.17
3.89575	-11.01	-8.19
3.89868	-10.93	-8.23
3.9016	-10.96	-8.22
3.90452	-10.93	-8.29
3.90744	-10.84	-8.26
3.91036	-10.95	-8.23
3.91329	-10.88	-8.23
3.91621	-10.86	-8.23
3.91913	-10.87	-8.24
3.92205	-10.86	-8.25
3.92497	-10.85	-8.25
3.9279	-10.79	-8.3
3.93082	-10.88	-8.22
3.93374	-10.75	-8.23
3.93666	-10.76	-8.24
3.93958	-10.76	-8.21
3.94251	-10.68	-8.19
3.94543	-10.67	-8.25
3.94835	-10.58	-8.23
3.95127	-10.78	-8.24
3.95419	-10.83	-8.24
3.95712	-11.17	-8.35
3.96004	-10.89	-8.19
3.96296	-10.95	-8.25
3.96588	-10.89	-8.27
3.96881	-10.97	-8.24
3.97173	-10.86	-8.19
3.97465	-10.95	-8.16
3.97757	-10.88	-8.09
3.98049	-10.91	-8.19
3.98342	-10.95	-8.23
3.98634	-10.99	-8.28
3.98926	-11.17	-8.34
3.99218	-11.31	-8.41
3.9951	-11.18	-8.42
3.99803	-10.69	-8.21
4.00095	-10.5	-8.21
4.00387	-10.8	-8.19
4.00679	-10.9	-8.2
4.00971	-10.8	-8.07
4.01264	-10.65	-8.12
4.01556	-10.79	-8.07
4.01848	-10.96	-8.17
4.0214	-10.78	-8.08
4.02432	-10.9	-8.14
4.02725	-10.69	-8.23
4.03017	-10.66	-8.26
4.03309	-10.66	-8.25
4.03601	-10.68	-8.26
4.03894	-10.84	-8.19
4.04186	-10.86	-8.26
4.04478	-10.67	-8.27
4.0477	-10.61	-8.22
4.05062	-10.65	-8.13
4.05355	-10.55	-7.96
4.05647	-10.57	-8.06
4.05939	-10.7	-8.02
4.06231	-10.92	-8.17
4.06523	-10.78	-8.35
4.06816	-11.04	-8.11
4.07108	-10.75	-7.99
4.074	-10.71	-7.98
4.08475	-10.76	-8.12
4.0955	-10.63	-8
4.10625	-10.45	-7.98
4.117	-10.51	-7.96
4.12775	-10.46	-8.02
4.1385	-10.33	-8.08
4.14925	-10.53	-8.12
4.16	-10.77	-8.05
4.17075	-10.8	-8.11
4.1815	-10.45	-8.09
4.19225	-10.46	-8.13
4.203	-10.52	-8.22
4.21375	-10.48	-8.16
4.2245	-10.4	-8.19
4.23525	-10.36	-8.18
4.246	-10.22	-8.21
4.25675	-10.4	-8.23
4.2675	-10.46	-8.27
4.27825	-10.29	-8.29
4.289	-10.48	-8.22
4.29975	-10.42	-8.24
4.3105	-10.29	-8.13
4.32125	-10.43	-8.11
4.332	-10.5	-8.15
4.34275	-10.44	-8.06
4.3535	-10.37	-8.14
4.36425	-10.3	-8.14
4.375	-10.24	-8.09
4.38575	-10.37	-8.18
4.3965	-10.4	-8.1
4.40725	-10.43	-8.18
4.418	-10.45	-8.25
4.42875	-10.32	-8.13
4.4395	-10.13	-8.13
4.45025	-10.14	-8.11
4.461	-10.02	-8.06
4.47175	-10.1	-8.11
4.4825	-10.12	-8.13
4.49325	-10.34	-8.23
4.504	-10.15	-8.19
4.51073	-10.46	-8.15
4.51747	-10.53	-8.1
4.5242	-10.31	-8.03
4.53093	-10.43	-7.99
4.53767	-10.5	-8.05
4.5444	-10.66	-8.14
4.55113	-10.46	-8.2
4.55787	-10.36	-8.08
4.5646	-10.51	-8.21
4.57133	-10.33	-8.23
4.57807	-10.41	-8.14
4.5848	-10.21	-8.22
4.59153	-10.36	-8.17
4.59827	-10.29	-8.29
4.605	-10.5	-8.36
4.61173	-10.45	-8.33
4.61847	-10.29	-8.35
4.6252	-10.35	-8.12
4.63193	-10.27	-8.21
4.63867	-10.35	-8.18
4.6454	-10.56	-8.2
4.65213	-10.57	-8.22
4.65887	-10.74	-8.35
4.6656	-10.75	-8.27
4.67233	-10.5	-8.27
4.67907	-10.24	-8.24
4.6858	-10.18	-8.25
4.69253	-10.27	-8.2
4.69927	-10.48	-8.31
4.706	-10.3	-8.3
4.72419	-10.5	-8.32
4.74239	-10.55	-8.21
4.76058	-10.59	-8.26
4.77878	-10.37	-8.22
4.79697	-10.44	-8.11
4.81517	-10.24	-7.88
4.83336	-10.44	-8.27
4.85156	-10.21	-8.28
4.86975	-10.2	-8.31
4.88794	-10.31	-8.17
4.90614	-10.59	-8.12
4.92433	-10.64	-8.11
4.94253	-10.79	-8.21
4.96072	-10.76	-8.16
4.97892	-10.54	-8.31
4.99711	-10.33	-8.25
5.01531	-10.7	-8.31
5.0335	-10.69	-8.41
5.05169	-10.63	-8.4
5.06989	-10.68	-8.3
5.08808	-10.7	-8.33
5.10628	-10.57	-8.39
5.12447	-10.24	-8.25
5.14267	-10.39	-8.36
5.16086	-10.15	-8.23
5.17906	-10.32	-8.25
5.19725	-10.45	-8.35
5.21544	-10.82	-8.35
5.23364	-10.68	-8.59
5.25183	-10.75	-8.45
5.27003	-10.87	-8.38
5.28822	-10.69	-8.47
5.30642	-10.7	-8.48
5.32461	-10.31	-8.35
5.34281	-10.17	-8.08
5.361	-9.95	-7.95
5.3648	-10.04	-7.99
5.3686	-10.53	-8.05
5.37239	-10.51	-8.04
5.37619	-10.5	-8.14
5.37999	-10.49	-8.13
5.38379	-10.75	-8.03
5.38758	-10.95	-8.12
5.39138	-10.74	-8.22
5.39518	-10.8	-8.17
5.39898	-10.68	-8.08
5.40277	-10.52	-8.12
5.40657	-10.49	-8.07
5.41037	-10.59	-8.08
5.41417	-10.4	-7.96
5.41796	-10.6	-8.11
5.42176	-10.69	-8.18
5.42556	-10.6	-8.15
5.42936	-10.42	-8.26
5.43315	-10.43	-8.28
5.43695	-10.47	-8.32
5.44075	-10.51	-8.35
5.44455	-10.71	-8.42
5.44835	-10.68	-8.6
5.45214	-10.81	-8.51
5.45594	-10.8	-8.43
5.45974	-10.61	-8.35
5.46354	-10.68	-8.15
5.46733	-10.68	-8.1
5.47113	-10.83	-8.21
5.47493	-10.89	-8.37
5.47873	-10.6	-8.33
5.48252	-10.85	-8.32
5.48632	-10.72	-8.48
5.49012	-10.75	-8.56
5.49392	-10.78	-8.68
5.49771	-10.79	-8.53
5.50151	-10.9	-8.64
5.50531	-10.8	-8.69
5.50911	-10.72	-8.65
5.5129	-10.75	-8.39
5.5167	-10.54	-8.2
5.5205	-10.37	-8.24
5.5243	-10.65	-8.39
5.5281	-10.72	-8.36
5.53189	-10.39	-8.08
5.53569	-10.61	-8.25
5.53949	-10.95	-8.39
5.54329	-10.96	-8.25
5.54708	-11	-8.27
5.55088	-10.99	-8.53
5.55468	-10.92	-8.55
5.55848	-10.72	-8.49
5.56227	-10.72	-8.21
5.56607	-10.63	-8.01
5.56987	-10.71	-8.12
5.57367	-10.96	-8.2
5.57746	-10.75	-8.23
5.58126	-10.67	-8.25
5.58506	-10.86	-8.27
5.58886	-10.86	-8.42
5.59265	-10.83	-8.4
5.59645	-10.93	-8.47
5.60025	-11.11	-8.44
5.60405	-11.12	-8.25
5.60785	-10.88	-8.31
5.61164	-10.97	-8.3
5.61544	-11.25	-8.42
5.61924	-10.91	-8.42
5.62304	-11.19	-8.51
5.62683	-11.02	-8.54
5.63063	-10.75	-8.42
5.63443	-10.88	-8.26
5.63823	-10.97	-8.21
5.64202	-10.82	-8.17
5.64582	-10.87	-8.14
5.64962	-10.86	-8.11
5.65342	-10.62	-8.05
5.65721	-10.75	-7.98
5.66101	-10.67	-8.19
5.66481	-10.82	-8.3
5.66861	-10.97	-8.34
5.6724	-10.76	-8.43
5.6762	-10.96	-8.45
5.68	-11.1	-8.61
5.69109	-11.07	-8.54
5.70218	-10.85	-8.68
5.71327	-10.94	-8.43
5.72436	-11.3	-8.48
5.73545	-11.11	-8.55
5.74654	-11.19	-8.5
5.75763	-11.46	-8.59
5.76871	-11.29	-8.48
5.7798	-11.25	-8.45
5.79089	-11.1	-8.26
5.80198	-11.2	-8.36
5.81307	-11.09	-8.35
5.82416	-11	-8.48
5.83525	-10.81	-8.48
5.84634	-10.83	-8.52
5.85743	-10.34	-8.21
5.86852	-10.49	-8.5
5.87961	-10.33	-8.59
5.8907	-10.02	-8.47
5.90179	-10.15	-8.26
5.91288	-9.98	-8.29
5.92396	-9.96	-8.06
5.93505	-9.9	-7.85
5.94614	-9.67	-7.97
5.95723	-9.89	-7.99
5.96832	-10.09	-8.01
5.97941	-10.1	-8.08
5.9905	-9.98	-7.93
6.00159	-9.85	-7.92
6.01268	-10.06	-7.95
6.02377	-10.06	-7.97
6.03486	-10.19	-7.95
6.04595	-9.99	-7.87
6.05704	-10.15	-8
6.06813	-10.04	-7.98
6.07921	-10	-8.04
6.0903	-9.98	-7.99
6.10139	-9.98	-7.97
6.11248	-9.94	-7.87
6.12357	-10.07	-8
6.13466	-10.26	-8.04
6.14575	-10.36	-7.99
6.15684	-10.12	-8.3
6.16793	-10.02	-8.35
6.17902	-10.28	-8.28
6.19011	-10.24	-8.3
6.2012	-10.41	-8.28
6.21229	-10.27	-8.29
6.22338	-10.37	-8.45
6.23446	-10.48	-8.31
6.24555	-10.67	-8.3
6.25664	-10.65	-8.36
6.26773	-10.6	-8.62
6.27882	-10.5	-8.56
6.28991	-10.17	-8.56
6.301	-10.3	-8.61
6.30564	-10.38	-8.63
6.31029	-10.38	-8.77
6.31493	-10.28	-8.76
6.31957	-10.5	-8.72
6.32422	-10.46	-8.9
6.32886	-10.56	-8.9
6.3335	-10.5	-8.85
6.33815	-10.45	-8.67
6.34279	-9.95	-8.17
6.34743	-9.45	-7.67
6.35208	-10.76	-8.57
6.35672	-10.42	-8.52
6.36137	-10.43	-8.5
6.36601	-10.32	-8.47
6.37065	-10.44	-8.37
6.3753	-10.2	-8.34
6.37994	-10.45	-8.35
6.38458	-10.3	-8.36
6.38923	-10.6	-8.46
6.39387	-10.11	-8.15
6.39851	-10.28	-8.34
6.40316	-10.24	-8.38
6.4078	-10.09	-8.48
6.41244	-10.05	-8.35
6.41709	-10.03	-8.18
6.42173	-9.97	-8.35
6.42637	-10.02	-8.32
6.43102	-10.22	-8.41
6.43566	-10.33	-8.31
6.4403	-10.31	-8.33
6.44495	-10.23	-8.33
6.44959	-10.39	-8.46
6.45423	-10.36	-8.49
6.45888	-10.41	-8.57
6.46352	-10.48	-8.54
6.46817	-10.48	-8.55
6.47281	-10.44	-8.65
6.47745	-10.29	-8.49
6.4821	-10.08	-8.42
6.48674	-10.13	-8.43
6.49138	-10.13	-8.58
6.49603	-10.26	-8.73
6.50067	-10.31	-8.73
6.50531	-10.57	-8.44
6.50996	-10.6	-8.49
6.5146	-10.4	-8.5
6.51924	-10.6	-8.59
6.52389	-10.15	-8.63
6.52853	-10.29	-8.72
6.53317	-10.27	-8.54
6.53782	-10.03	-8.35
6.54246	-10	-8.27
6.5471	-10.22	-8.33
6.55175	-10.1	-8.34
6.55639	-9.66	-8.22
6.56103	-9.98	-8.31
6.56568	-9.84	-8.29
6.57032	-9.79	-8.27
6.57497	-10.01	-8.35
6.57961	-9.8	-8.32
6.58425	-9.77	-8.34
6.5889	-9.66	-8.42
6.59354	-9.78	-8.47
6.59818	-9.73	-8.32
6.60283	-9.89	-8.44
6.60747	-9.92	-8.5
6.61211	-9.61	-8.47
6.61676	-9.47	-8.47
6.6214	-9.49	-8.28
6.62604	-9.83	-8.45
6.63069	-9.89	-8.49
6.63533	-10.08	-8.45
6.63997	-10.28	-8.51
6.64462	-10.13	-8.7
6.64926	-10.11	-8.47
6.6539	-10.12	-8.38
6.65855	-10.01	-8.22
6.66319	-10.22	-8.36
6.66783	-9.85	-8.23
6.67248	-9.98	-8.21
6.67712	-9.83	-8.33
6.68177	-10.16	-8.43
6.68641	-10.35	-8.62
6.69105	-9.88	-8.43
6.6957	-9.94	-8.52
6.70034	-9.9	-8.53
6.70498	-9.89	-8.56
6.70963	-9.91	-8.55
6.71427	-9.91	-8.4
6.71891	-10.25	-8.55
6.72356	-9.75	-8.53
6.7282	-9.94	-8.53
6.73284	-9.62	-8.53
6.73749	-9.51	-8.48
6.74213	-10.12	-8.45
6.74677	-9.73	-8.4
6.75142	-9.75	-8.39
6.75606	-9.78	-8.43
6.7607	-9.64	-8.42
6.76535	-9.64	-8.36
6.76999	-9.63	-8.4
6.77463	-9.65	-8.36
6.77928	-9.88	-8.26
6.78392	-9.89	-8.37
6.78857	-9.75	-8.27
6.79321	-10.06	-8.26
6.79785	-10.07	-8.22
6.8025	-9.99	-8.16
6.80714	-10.01	-8.2
6.81178	-9.86	-8.03
6.81643	-9.86	-7.93
6.82107	-9.99	-8.07
6.82571	-10.22	-8.11
6.83036	-10.2	-8.28
6.835	-9.99	-8.32
6.83728	-10.16	-8.38
6.83955	-10.41	-8.42
6.84183	-10.29	-8.43
6.8441	-10.22	-8.54
6.84638	-10.03	-8.48
6.84865	-9.92	-8.49
6.85093	-10.12	-8.65
6.8532	-9.98	-8.61
6.85548	-10.07	-8.7
6.85776	-10.13	-8.64
6.86003	-10.06	-8.6
6.86231	-9.97	-8.57
6.86458	-10.27	-8.47
6.86686	-10.32	-8.38
6.86913	-10.45	-8.28
6.87141	-10.48	-8.21
6.87368	-10.31	-8.2
6.87596	-10	-8.03
6.87823	-9.68	-7.94
6.88051	-9.68	-7.85
6.88279	-9.55	-7.86
6.88506	-9.35	-7.72
6.88734	-9.65	-7.78
6.88961	-9.83	-8.02
6.89189	-9.67	-8.01
6.89416	-9.77	-7.92
6.89644	-10	-7.86
6.89871	-9.95	-8
6.90099	-10.04	-8.09
6.90327	-10.05	-8.09
6.90554	-10.09	-8.28
6.90782	-10.12	-8.27
6.91009	-10.01	-8.46
6.91237	-10.1	-8.17
6.91464	-10.21	-8.09
6.91692	-10.26	-8.1
6.91919	-10.26	-8.08
6.92147	-10.38	-8.12
6.92374	-10.34	-8.21
6.92602	-10.38	-8.18
6.9283	-10.39	-8.12
6.93057	-10.49	-8.18
6.93285	-10.28	-8.1
6.93512	-10.25	-8.08
6.9374	-10.23	-8.05
6.93967	-10.51	-8.15
6.94195	-10.35	-8.12
6.94422	-10.12	-8.02
6.9465	-9.89	-7.9
6.94878	-9.78	-7.8
6.95105	-9.93	-7.93
6.95333	-10.07	-8.02
6.9556	-10.13	-7.97
6.95788	-10.14	-8.07
6.96015	-10.09	-8.31
6.96243	-10.05	-8.37
6.9647	-10.27	-8.42
6.96698	-10.2	-8.24
6.96926	-10.47	-8.45
6.97153	-10.19	-8.36
6.97381	-10.08	-8.31
6.97608	-10.1	-8.46
6.97836	-10.38	-8.42
6.98063	-10.33	-8.3
6.98291	-10.28	-8.3
6.98518	-10.28	-8.31
6.98746	-10.37	-8.38
6.98973	-10.35	-8.31
6.99201	-10.04	-8.2
6.99429	-10.01	-8.18
6.99656	-9.77	-8.2
6.99884	-9.99	-8.31
7.00111	-10.25	-8.38
7.00339	-10.1	-8.46
7.00566	-9.82	-8.37
7.00794	-10	-8.46
7.01021	-10.36	-8.54
7.01249	-10.4	-8.47
7.01477	-10.47	-8.5
7.01704	-10.41	-8.31
7.01932	-10.59	-8.35
7.02159	-10.28	-8.55
7.02387	-10.13	-8.48
7.02614	-10.1	-8.51
7.02842	-10.21	-8.43
7.03069	-10.15	-8.59
7.03297	-10.15	-8.55
7.03524	-9.95	-8.52
7.03752	-10.03	-8.41
7.0398	-9.93	-8.33
7.04207	-9.86	-8.33
7.04435	-10.17	-8.39
7.04662	-10.28	-8.38
7.0489	-10.42	-8.36
7.05117	-10.24	-8.34
7.05345	-9.92	-8.53
7.05572	-9.91	-8.45
7.058	-9.83	-8.39
7.06028	-9.74	-8.43
7.06255	-10.11	-8.4
7.06483	-10.17	-8.28
7.0671	-10.14	-8.29
7.06938	-10.02	-8.32
7.07165	-9.9	-8.37
7.07393	-9.83	-8.27
7.0762	-10.06	-8.17
7.07848	-10.14	-8.32
7.08076	-10.16	-8.3
7.08303	-9.97	-8.29
7.08531	-10.09	-8.38
7.08758	-10.02	-8.37
7.08986	-10.15	-8.48
7.09213	-10.11	-8.75
7.09441	-10.26	-8.84
7.09668	-10.19	-8.79
7.09896	-9.92	-8.81
7.10123	-10.07	-8.61
7.10351	-10.25	-8.45
7.10579	-10.45	-8.45
7.10806	-10.59	-8.63
7.11034	-10.83	-8.59
7.11261	-10.55	-8.63
7.11489	-10.3	-8.57
7.11716	-10.57	-8.49
7.11944	-10.47	-8.46
7.12171	-10.13	-8.59
7.12399	-10.38	-8.72
7.12627	-10.45	-8.67
7.12854	-10.52	-8.56
7.13082	-10.41	-8.62
7.13309	-10.37	-8.64
7.13537	-10.48	-8.57
7.13764	-10.33	-8.53
7.13992	-10.15	-8.42
7.14219	-10.02	-8.47
7.14447	-10.07	-8.48
7.14674	-9.88	-8.34
7.14902	-10	-8.2
7.1513	-10.21	-8.43
7.15357	-10.08	-8.46
7.15585	-10.3	-8.41
7.15812	-10.46	-8.47
7.1604	-10.54	-8.6
7.16267	-10.26	-8.52
7.16495	-10.34	-8.44
7.16722	-10.43	-8.42
7.1695	-10.27	-8.29
7.17178	-10.28	-8.23
7.17405	-10.48	-8.26
7.17633	-10.83	-8.4
7.1786	-10.5	-8.37
7.18088	-10.43	-8.4
7.18315	-10.7	-8.27
7.18543	-10.47	-8.19
7.1877	-10.6	-8.29
7.18998	-10.33	-8.34
7.19226	-10.45	-8.38
7.19453	-10.26	-8.3
7.19681	-10	-8.26
7.19908	-9.99	-8.18
7.20136	-9.82	-8.21
7.20363	-9.55	-8.25
7.20591	-10	-8.31
7.20818	-10.29	-8.31
7.21046	-10.62	-8.6
7.21273	-10.29	-8.68
7.21501	-10.62	-8.76
7.21729	-10.41	-8.86
7.21956	-10.29	-8.87
7.22184	-10.59	-9
7.22411	-10.69	-8.9
7.22639	-10.66	-8.82
7.22866	-10.75	-8.78
7.23094	-10.49	-8.61
7.23321	-10.54	-8.4
7.23549	-10.54	-8.46
7.23777	-10.64	-8.51
7.24004	-10.47	-8.38
7.24232	-10.34	-8.61
7.24459	-10.59	-8.65
7.24687	-10.55	-8.57
7.24914	-10.59	-8.35
7.25142	-10.18	-8.33
7.25369	-10.21	-8.32
7.25597	-10.39	-8.51
7.25824	-10.35	-8.48
7.26052	-10.25	-8.43
7.2628	-9.98	-8.5
7.26507	-9.81	-8.54
7.26735	-10.15	-8.65
7.26962	-10.37	-8.57
7.2719	-10.39	-8.59
7.27417	-10.55	-8.64
7.27645	-10.3	-8.44
7.27872	-10.59	-8.5
7.281	-10.72	-8.56
7.28405	-10.72	-8.73
7.28711	-10.52	-8.63
7.29016	-10.71	-8.69
7.29321	-10.49	-8.78
7.29627	-10.48	-8.7
7.29932	-10.38	-8.51
7.30238	-10.47	-8.5
7.30543	-10.7	-8.51
7.30848	-10.67	-8.4
7.31154	-10.64	-8.35
7.31459	-10.55	-8.39
7.31764	-10.8	-8.55
7.3207	-10.71	-8.66
7.32375	-10.32	-8.62
7.32681	-10.3	-8.63
7.32986	-10.13	-8.53
7.33291	-10.53	-8.6
7.33597	-10.57	-8.52
7.33902	-10.17	-8.59
7.34207	-10.43	-8.53
7.34513	-10.38	-8.47
7.34818	-10.08	-8.43
7.35123	-10.32	-8.53
7.35429	-10.19	-8.52
7.35734	-10.17	-8.78
7.3604	-10.22	-8.65
7.36345	-10.15	-8.66
7.3665	-10.12	-8.59
7.36956	-10.54	-8.63
7.37261	-10.58	-8.53
7.37566	-9.94	-8.54
7.37872	-10.27	-8.63
7.38177	-10.23	-8.59
7.38483	-10.2	-8.45
7.38788	-10.21	-8.46
7.39093	-10.69	-8.84
7.39399	-10.73	-8.7
7.39704	-10.93	-8.68
7.40009	-10.92	-8.68
7.40315	-10.58	-8.67
7.4062	-10.55	-8.59
7.40926	-10.55	-8.67
7.41231	-10.7	-8.55
7.41536	-10.79	-8.64
7.41842	-11.06	-8.53
7.42147	-11.09	-8.51
7.42452	-11.16	-8.63
7.42758	-10.97	-8.71
7.43063	-10.75	-8.64
7.43368	-10.59	-8.65
7.43674	-10.61	-8.92
7.43979	-10.32	-8.94
7.44285	-10.33	-8.96
7.4459	-10.5	-8.98
7.44895	-10.44	-8.89
7.45201	-10.46	-8.98
7.45506	-10.71	-9.22
7.45811	-10.8	-9.11
7.46117	-10.89	-9.16
7.46422	-10.98	-9.18
7.46728	-11	-9.33
7.47033	-11.17	-9.27
7.47338	-10.98	-9.34
7.47644	-10.95	-9.41
7.47949	-10.87	-9.11
7.48254	-11.08	-8.98
7.4856	-11.19	-8.88
7.48865	-11.16	-8.84
7.4917	-11.04	-8.87
7.49476	-11.02	-9.01
7.49781	-11.27	-9.16
7.50087	-11.21	-9.34
7.50392	-11.26	-9.15
7.50697	-11.16	-9.14
7.51003	-10.8	-9.03
7.51308	-10.92	-9.19
7.51613	-10.86	-9.29
7.51919	-10.68	-9.17
7.52224	-10.54	-9.29
7.5253	-10.3	-9.11
7.52835	-10.49	-8.78
7.5314	-10.58	-8.73
7.53446	-10.69	-8.92
7.53751	-10.46	-9
7.54056	-10.54	-9.02
7.54362	-10.93	-9.02
7.54667	-10.46	-9.09
7.54972	-10.36	-9.18
7.55278	-10.49	-8.85
7.55583	-10.82	-8.65
7.55889	-10.91	-8.7
7.56194	-10.83	-8.65
7.56499	-10.99	-8.67
7.56805	-11.2	-8.35
7.5711	-10.96	-8.62
7.57415	-11	-8.98
7.57721	-10.97	-8.78
7.58026	-10.84	-8.67
7.58332	-10.57	-8.97
7.58637	-10.56	-9.05
7.58942	-10.59	-8.95
7.59248	-10.66	-8.99
7.59553	-10.71	-9
7.59858	-10.63	-8.9
7.60164	-10.7	-8.67
7.60469	-10.27	-8.61
7.60774	-9.58	-8.39
7.6108	-10.07	-8.48
7.61385	-10.43	-8.66
7.61691	-10.4	-8.66
7.61996	-10.34	-8.61
7.62301	-10.14	-8.61
7.62607	-9.86	-8.46
7.62912	-9.77	-8.28
7.63217	-10.08	-8.43
7.63523	-10.23	-8.67
7.63828	-10.36	-8.74
7.64134	-10.29	-8.67
7.64439	-10.36	-8.86
7.64744	-10.11	-8.73
7.6505	-10.1	-8.73
7.65355	-10.13	-8.66
7.6566	-10.07	-8.72
7.65966	-10.24	-8.72
7.66271	-10.21	-8.76
7.66577	-10.3	-8.8
7.66882	-10.2	-8.72
7.67187	-9.88	-8.67
7.67493	-10.09	-8.71
7.67798	-10.02	-8.66
7.68103	-10.8	-8.97
7.68409	-10.85	-8.79
7.68714	-10.71	-8.85
7.69019	-10.73	-8.83
7.69325	-10.25	-8.8
7.6963	-10.04	-8.9
7.69936	-9.79	-8.82
7.70241	-9.52	-8.82
7.70546	-10.06	-9.01
7.70852	-10.1	-9.02
7.71157	-9.91	-8.98
7.71462	-10.07	-9.03
7.71768	-10.1	-8.99
7.72073	-9.97	-9.12
7.72379	-10.14	-9.1
7.72684	-10.18	-9.12
7.72989	-10.4	-9.12
7.73295	-10.37	-9.25
7.736	-10.64	-9.22
7.74293	-10.36	-9.11
7.74986	-10.31	-9.08
7.75679	-10.47	-9.16
7.76372	-10.04	-8.97
7.77065	-10.19	-8.71
7.77758	-9.94	-8.81
7.78451	-10.08	-8.77
7.79144	-10.12	-8.79
7.79837	-10.19	-8.86
7.8053	-10.3	-8.92
7.81223	-10.04	-8.65
7.81915	-9.71	-8.48
7.82608	-10.07	-8.75
7.83301	-9.89	-8.66
7.83994	-10.13	-8.71
7.84687	-10.06	-8.74
7.8538	-10.04	-8.85
7.86073	-10.15	-8.8
7.86766	-10.23	-9.01
7.87459	-10.2	-9.07
7.88152	-10.09	-9.13
7.88845	-10.06	-9.08
7.89538	-10.12	-9.01
7.90231	-9.99	-9.01
7.90924	-9.77	-9.09
7.91617	-9.48	-8.97
7.9231	-9.27	-9.13
7.93003	-9.27	-9.04
7.93696	-9.68	-9.19
7.94389	-9.63	-9.22
7.95082	-9.58	-9.17
7.95775	-9.75	-9.32
7.96468	-9.58	-9.25
7.97161	-9.67	-8.99
7.97854	-10	-9.1
7.98546	-10.26	-8.54
7.99239	-10.11	-8.36
7.99932	-10.02	-8.39
8.00625	-9.85	-8.49
8.01318	-9.6	-8.3
8.02011	-10.56	-8.63
8.02704	-10.72	-8.76
8.03397	-10.08	-8.57
8.0409	-9.91	-8.49
8.04783	-10.17	-8.57
8.05476	-10.04	-8.63
8.06169	-10.04	-8.67
8.06862	-9.91	-8.64
8.07555	-9.89	-8.76
8.08248	-10.02	-8.91
8.08941	-10.24	-8.88
8.09634	-10.16	-8.95
8.10327	-9.94	-8.82
8.1102	-10.05	-8.86
8.11713	-9.87	-8.95
8.12406	-9.78	-9.05
8.13099	-9.79	-8.97
8.13792	-10.11	-8.97
8.14485	-9.86	-8.9
8.15177	-10.32	-8.97
8.1587	-10.26	-8.99
8.16563	-9.97	-9.01
8.17256	-9.9	-8.97
8.17949	-9.77	-8.91
8.18642	-9.56	-8.89
8.19335	-9.71	-8.79
8.20028	-9.97	-8.75
8.20721	-10.24	-8.74
8.21414	-10.09	-8.68
8.22107	-9.51	-8.4
8.228	-9.35	-8.44
8.23348	-9.5	-8.53
8.23895	-9.7	-8.65
8.24443	-9.42	-8.61
8.2499	-9.51	-8.6
8.25538	-9.78	-8.87
8.26086	-10	-8.92
8.26633	-10.07	-8.94
8.27181	-10.06	-8.78
8.27729	-9.91	-8.81
8.28276	-10.27	-8.8
8.28824	-10.63	-8.83
8.29371	-10.19	-8.67
8.29919	-9.52	-8.5
8.30467	-9.82	-9.07
8.31014	-9.73	-9.04
8.31562	-9.91	-9.16
8.3211	-9.82	-9.02
8.32657	-10.04	-8.96
8.33205	-10.26	-9.01
8.33752	-10.18	-8.99
8.343	-10.23	-9.15
8.34848	-9.98	-9.04
8.35395	-9.84	-9.02
8.35943	-10.1	-9.12
8.3649	-10.12	-9.16
8.37038	-9.95	-9.33
8.37586	-10.19	-9.19
8.38133	-10.14	-9.13
8.38681	-10.08	-9.23
8.39229	-10.02	-9.16
8.39776	-9.75	-8.95
8.40324	-9.87	-8.99
8.40871	-9.74	-8.99
8.41419	-9.83	-9.03
8.41967	-9.79	-9.02
8.42514	-9.64	-8.95
8.43062	-9.64	-9.04
8.4361	-9.85	-9.06
8.44157	-9.73	-9.01
8.44705	-9.84	-9.04
8.45252	-9.66	-9.09
8.458	-9.68	-9.3
8.46334	-9.82	-9.29
8.46868	-9.57	-9.11
8.47401	-9.6	-9.06
8.47935	-9.81	-9.2
8.48469	-9.87	-9.15
8.49003	-9.6	-9.37
8.49537	-9.57	-9.12
8.50071	-9.44	-9.22
8.50604	-9.96	-9.35
8.51138	-10.25	-9.36
8.51672	-10.06	-9.38
8.52206	-9.77	-9.25
8.5274	-10	-9.17
8.53274	-9.81	-9.24
8.53807	-9.64	-9.28
8.54341	-10.08	-9.33
8.54875	-9.72	-9.3
8.55409	-9.38	-9.22
8.55943	-9.81	-9.26
8.56476	-9.87	-9.12
8.5701	-10.18	-9.25
8.57544	-10.18	-9.31
8.58078	-9.89	-9.06
8.58612	-9.9	-9.11
8.59146	-10.01	-9.21
8.59679	-10.06	-9.22
8.60213	-10.12	-9.3
8.60747	-10.18	-9.28
8.61281	-9.96	-9.2
8.61815	-10.11	-9.28
8.62349	-10.05	-9.27
8.62882	-10.05	-9.25
8.63416	-10.25	-9.36
8.6395	-9.92	-9.38
8.64484	-9.83	-9.27
8.65018	-10.2	-9.14
8.65551	-10.31	-9.19
8.66085	-10.05	-9.27
8.66619	-10.14	-9.3
8.67153	-10.41	-9.03
8.67687	-10.42	-9.15
8.68221	-10.15	-9.07
8.68754	-10.17	-9.08
8.69288	-10.33	-9.15
8.69822	-10.32	-9.33
8.70356	-10.25	-9.33
8.7089	-10.37	-9.32
8.71424	-10.5	-9.44
8.71957	-10.52	-9.45
8.72491	-10.58	-9.56
8.73025	-10.77	-9.46
8.73559	-10.55	-9.42
8.74093	-10.38	-9.41
8.74626	-10.25	-9.23
8.7516	-10.19	-9.24
8.75694	-10.31	-9.36
8.76228	-10.45	-9.42
8.76762	-10.3	-9.26
8.77296	-10.43	-9.39
8.77829	-10.1	-9.22
8.78363	-10.29	-9.27
8.78897	-10.37	-9.35
8.79431	-10.55	-9.4
8.79965	-10.48	-9.39
8.80499	-10.41	-9.35
8.81032	-10.39	-9.51
8.81566	-10.29	-9.55
8.821	-10.47	-9.5
8.82634	-10.61	-9.49
8.83168	-10.62	-9.42
8.83701	-10.73	-9.5
8.84235	-11.11	-9.63
8.84769	-10.93	-9.55
8.85303	-11.3	-9.61
8.85837	-10.86	-9.52
8.86371	-11.07	-9.54
8.86904	-10.63	-9.49
8.87438	-10.69	-9.46
8.87972	-10.75	-9.45
8.88506	-10.58	-9.45
8.8904	-10.83	-9.48
8.89574	-10.85	-9.39
8.90107	-10.78	-9.54
8.90641	-10.74	-9.53
8.91175	-10.56	-9.51
8.91709	-10.17	-9.29
8.92243	-10.81	-9.5
8.92776	-10.85	-9.42
8.9331	-11.14	-9.48
8.93844	-11.28	-9.5
8.94378	-11.04	-9.46
8.94912	-11.01	-9.6
8.95446	-10.63	-9.33
8.95979	-10.6	-9.55
8.96513	-10.69	-9.51
8.97047	-10.59	-9.4
8.97581	-10.68	-9.35
8.98115	-10.58	-9.27
8.98649	-10.44	-9.25
8.99182	-10.57	-9.47
8.99716	-10.46	-9.4
9.0025	-10.43	-9.51
9.00784	-10.19	-9.39
9.01318	-10.36	-9.39
9.01851	-10.44	-9.41
9.02385	-10.74	-9.45
9.02919	-10.62	-9.35
9.03453	-10.17	-9.29
9.03987	-10.28	-9.29
9.04521	-10.52	-9.3
9.05054	-10.55	-9.31
9.05588	-10.51	-9.38
9.06122	-10.61	-9.52
9.06656	-10.42	-9.31
9.0719	-10.39	-9.42
9.07724	-10.13	-9.15
9.08257	-10.26	-8.97
9.08791	-10.28	-9.05
9.09325	-10.47	-9.34
9.09859	-10.76	-9.31
9.10393	-10.82	-9.35
9.10926	-10.44	-9.33
9.1146	-10.41	-9.39
9.11994	-10.61	-9.46
9.12528	-10.64	-9.4
9.13062	-10.62	-9.31
9.13596	-10.45	-9.3
9.14129	-10.47	-9.36
9.14663	-10.41	-9.24
9.15197	-10.56	-9.31
9.15731	-10.53	-9.31
9.16265	-10.67	-9.32
9.16799	-10.66	-9.34
9.17332	-10.19	-9.27
9.17866	-10.3	-9.17
9.184	-10.67	-9.24
9.1862	-10.34	-9.08
9.18841	-10.45	-9.19
9.19061	-10.43	-9.26
9.19282	-10.66	-9.33
9.19502	-10.58	-9.33
9.19723	-10.66	-9.31
9.19943	-10.82	-9.35
9.20164	-11.16	-9.41
9.20384	-11.09	-9.27
9.20605	-10.95	-9.25
9.20825	-10.97	-9.41
9.21046	-10.69	-9.41
9.21266	-10.71	-9.45
9.21487	-10.84	-9.43
9.21707	-10.58	-9.38
9.21928	-10.71	-9.46
9.22148	-10.91	-9.44
9.22369	-10.59	-9.3
9.22589	-10.58	-9.17
9.2281	-10.44	-9.09
9.2303	-10.51	-9.05
9.2325	-10.49	-9.11
9.23471	-10.5	-9.23
9.23691	-10.82	-9.39
9.23912	-10.81	-9.29
9.24132	-10.86	-9.22
9.24353	-10.9	-9.12
9.24573	-10.96	-9.25
9.24794	-10.97	-9.42
9.25014	-11.1	-9.26
9.25235	-11.17	-9.44
9.25455	-11.26	-9.48
9.25676	-11.38	-9.5
9.25896	-11.1	-9.5
9.26117	-11.06	-9.4
9.26337	-11.34	-9.41
9.26558	-11.29	-9.47
9.26778	-11.15	-9.52
9.26999	-10.93	-9.46
9.27219	-10.88	-9.59
9.2744	-11.06	-9.53
9.2766	-10.97	-9.45
9.2788	-11.34	-9.52
9.28101	-11.46	-9.62
9.28321	-11.36	-9.63
9.28542	-11.05	-9.61
9.28762	-11.23	-9.65
9.28983	-10.8	-9.62
9.29203	-10.67	-9.6
9.29424	-11.11	-9.64
9.29644	-10.94	-9.71
9.29865	-11.02	-9.6
9.30085	-10.56	-9.41
9.30306	-10.85	-9.54
9.30526	-10.75	-9.55
9.30747	-10.97	-9.55
9.30967	-10.89	-9.57
9.31188	-10.72	-9.56
9.31408	-10.94	-9.47
9.31629	-10.96	-9.55
9.31849	-11.04	-9.79
9.3207	-10.78	-9.58
9.3229	-10.68	-9.64
9.3251	-10.76	-9.58
9.32731	-10.8	-9.67
9.32951	-10.92	-9.71
9.33172	-10.95	-9.85
9.33392	-10.84	-9.75
9.33613	-10.67	-9.87
9.33833	-10.85	-9.87
9.34054	-11.07	-9.89
9.34274	-11.15	-9.9
9.34495	-10.9	-9.78
9.34715	-10.9	-9.73
9.34936	-10.85	-9.88
9.35156	-11.07	-10
9.35377	-11.03	-10.06
9.35597	-10.95	-10.06
9.35818	-11.08	-9.94
9.36038	-10.78	-10.04
9.36259	-10.98	-10.14
9.36479	-10.83	-10.14
9.367	-10.68	-10.12
9.3692	-10.86	-10.11
9.3714	-10.84	-10.12
9.37361	-10.85	-10.1
9.37581	-10.79	-10.02
9.37802	-10.55	-9.99
9.38022	-10.54	-10
9.38243	-10.79	-9.99
9.38463	-10.84	-9.87
9.38684	-10.85	-9.88
9.38904	-11.06	-9.96
9.39125	-11.1	-9.95
9.39345	-10.97	-9.91
9.39566	-10.88	-9.98
9.39786	-10.98	-10
9.40007	-11.11	-10.05
9.40227	-10.89	-9.93
9.40448	-10.67	-9.77
9.40668	-10.52	-9.68
9.40889	-10.49	-9.77
9.41109	-10.97	-9.99
9.4133	-10.76	-10.1
9.4155	-10.7	-10.16
9.4177	-10.5	-10.02
9.41991	-10.66	-9.89
9.42211	-10.5	-9.87
9.42432	-10.72	-9.99
9.42652	-10.75	-9.85
9.42873	-10.91	-9.88
9.43093	-10.76	-9.73
9.43314	-10.7	-9.67
9.43534	-10.4	-9.83
9.43755	-10.26	-9.9
9.43975	-10.05	-9.78
9.44196	-10.05	-9.81
9.44416	-10.15	-9.95
9.44637	-10.11	-9.83
9.44857	-10	-9.84
9.45078	-10.18	-9.8
9.45298	-10.21	-9.82
9.45519	-10.35	-9.89
9.45739	-10.38	-9.91
9.4596	-10.54	-9.94
9.4618	-10.26	-9.79
9.464	-10.54	-9.79
9.46621	-10.58	-9.66
9.46841	-10.52	-9.62
9.47062	-10.22	-9.69
9.47282	-10.18	-9.67
9.47503	-10.15	-9.79
9.47723	-10.03	-9.74
9.47944	-10.14	-9.73
9.48164	-10.26	-9.73
9.48385	-10.19	-9.75
9.48605	-10.32	-9.91
9.48826	-10.44	-10.05
9.49046	-10.56	-10.05
9.49267	-10.36	-10.03
9.49487	-10.49	-10.07
9.49708	-10.62	-9.84
9.49928	-10.67	-9.83
9.50149	-10.65	-9.9
9.50369	-10.46	-9.78
9.5059	-10.44	-9.71
9.5081	-10.7	-9.68
9.5103	-10.88	-9.69
9.51251	-11.06	-9.82
9.51471	-10.71	-9.75
9.51692	-10.87	-9.79
9.51912	-10.77	-9.7
9.52133	-10.81	-9.71
9.52353	-11.22	-9.89
9.52574	-11.12	-9.9
9.52794	-11.03	-9.85
9.53015	-10.63	-9.61
9.53235	-10.34	-9.65
9.53456	-10.16	-9.79
9.53676	-10.43	-9.9
9.53897	-10.24	-9.91
9.54117	-10.32	-10.12
9.54338	-10.19	-10.2
9.54558	-10.06	-9.93
9.54779	-10.26	-9.99
9.54999	-10.66	-10.11
9.5522	-10.55	-10.13
9.5544	-10.29	-10.09
9.5566	-10.49	-10.1
9.55881	-10.18	-9.95
9.56101	-10.41	-9.97
9.56322	-10.55	-10.06
9.56542	-10.5	-10.04
9.56763	-10.74	-10.07
9.56983	-10.66	-10.08
9.57204	-10.58	-10
9.57424	-10.24	-9.91
9.57645	-9.93	-9.69
9.57865	-10.16	-9.54
9.58086	-10.45	-9.51
9.58306	-10.55	-9.7
9.58527	-10.42	-9.76
9.58747	-10.28	-9.76
9.58968	-10.33	-9.88
9.59188	-10.56	-10.07
9.59409	-10.55	-10.09
9.59629	-10.21	-10.22
9.5985	-10.51	-10.14
9.6007	-10.4	-10.1
9.6029	-10.35	-10.11
9.60511	-10.3	-10.16
9.60731	-10.26	-10.2
9.60952	-10.38	-10.11
9.61172	-10.35	-10.11
9.61393	-10.54	-10.15
9.61613	-10.53	-10.21
9.61834	-10.37	-10.1
9.62054	-10.27	-10.08
9.62275	-10.39	-9.99
9.62495	-10.49	-10.06
9.62716	-10.36	-10.15
9.62936	-10.44	-10.27
9.63157	-10.54	-10.36
9.63377	-10.38	-10.26
9.63598	-10.62	-10.34
9.63818	-10.33	-10.31
9.64039	-10.26	-10.3
9.64259	-10.26	-10.47
9.6448	-10.27	-10.37
9.647	-10.45	-10.32
9.65408	-10.27	-10.25
9.66115	-10.57	-10.42
9.66823	-10.29	-10.45
9.6753	-10.23	-10.59
9.68238	-10.34	-10.71
9.68945	-10.49	-10.5
9.69653	-10.71	-10.49
9.7036	-10.52	-10.5
9.71068	-10.35	-10.42
9.71775	-10.26	-10.45
9.72483	-10.54	-10.49
9.7319	-10.62	-10.35
9.73898	-10.73	-10.46
9.74605	-10.45	-10.48
9.75313	-10.55	-10.5
9.7602	-10.44	-10.5
9.76728	-10.53	-10.5
9.77435	-10.58	-10.37
9.78143	-10.34	-10.08
9.7885	-10.09	-9.89
9.79558	-10.16	-9.95
9.80265	-10.44	-10.03
9.80973	-10.78	-10.23
9.8168	-10.38	-10.1
9.82388	-10.25	-9.99
9.83095	-10.31	-10.17
9.83803	-10.36	-10.14
9.8451	-10.35	-10.19
9.85218	-10.41	-10.35
9.85925	-10.66	-10.42
9.86633	-10.81	-10.43
9.8734	-10.49	-10.39
9.88048	-10.56	-10.41
9.88755	-10.37	-10.47
9.89463	-9.66	-10.05
9.9017	-9.8	-10
9.90878	-9.8	-9.95
9.91585	-9.69	-9.78
9.92293	-9.81	-9.86
9.93	-10.03	-10
9.93708	-9.99	-10.11
9.94415	-9.7	-10.09
9.95123	-10.08	-10.22
9.9583	-10.16	-10.35
9.96538	-10.23	-10.34
9.97245	-10.29	-10.42
9.97953	-10.26	-10.42
9.9866	-10.32	-10.52
9.99368	-10.48	-10.46
10.0008	-10.49	-10.43
10.0078	-10.15	-10.24
10.0149	-10.34	-10.42
10.022	-10.09	-10.46
10.0291	-9.86	-10.38
10.0361	-9.91	-10.27
10.0432	-9.93	-10.32
10.0503	-9.88	-10.26
10.0574	-10.01	-10.3
10.0644	-10.08	-10.31
10.0715	-10.05	-10.39
10.0786	-10.37	-10.45
10.0857	-10.23	-10.49
10.0927	-10.48	-10.37
10.0998	-10.48	-10.36
10.1069	-10.65	-10.3
10.114	-10.66	-10.34
10.121	-10.66	-10.33
10.1281	-10.52	-10.53
10.1352	-10.46	-10.46
10.1423	-10.47	-10.62
10.1493	-10.32	-10.43
10.1564	-10.32	-10.38
10.1635	-10.14	-10.36
10.1706	-10.19	-10.5
10.1776	-10.31	-10.69
10.1847	-10.27	-10.42
10.1918	-10.19	-10.35
10.1989	-10.23	-10.35
10.2059	-10.43	-10.32
10.213	-10.24	-10.4
10.2209	-10.33	-10.45
10.2288	-10.44	-10.65
10.2368	-10.54	-10.51
10.2447	-10.52	-10.5
10.2526	-10.7	-10.66
10.2605	-10.75	-10.7
10.2684	-10.66	-10.62
10.2764	-10.64	-10.34
10.2843	-10.61	-10.44
10.2922	-10.72	-10.36
10.3001	-10.52	-10.31
10.308	-10.67	-10.42
10.316	-10.67	-10.53
10.3239	-10.65	-10.45
10.3318	-10.61	-10.45
10.3397	-10.81	-10.53
10.3476	-10.81	-10.54
10.3556	-10.71	-10.49
10.3635	-10.51	-10.33
10.3714	-10.71	-10.46
10.3793	-10.62	-10.58
10.3872	-10.6	-10.48
10.3952	-10.38	-10.58
10.4031	-10.37	-10.48
10.411	-10.46	-10.58
10.4189	-10.69	-10.78
10.4268	-10.71	-10.72
10.4347	-10.69	-10.68
10.4427	-10.73	-10.69
10.4506	-10.64	-10.53
10.4585	-10.53	-10.74
10.4664	-10.55	-10.97
10.4743	-10.45	-10.96
10.4823	-10.49	-10.72
10.4902	-10.53	-10.51
10.4981	-10.81	-10.7
10.506	-10.59	-10.78
10.5139	-10.55	-10.88
10.5219	-10.5	-11
10.5298	-10.68	-11.05
10.5377	-10.51	-11.16
10.5456	-10.5	-11.2
10.5535	-10.62	-11.17
10.5615	-10.27	-10.91
10.5694	-10.36	-10.85
10.5773	-10.39	-10.87
10.5852	-10.43	-11.02
10.5931	-10.33	-10.88
10.6011	-10.19	-11.04
10.609	-10.26	-10.8
10.6169	-10.09	-10.51
10.6248	-10.34	-10.49
10.6327	-10.38	-10.53
10.6407	-10.36	-10.61
10.6486	-10.32	-10.8
10.6565	-10.33	-10.86
10.6644	-10.31	-10.73
10.6723	-10.33	-10.54
10.6802	-10.31	-10.7
10.6882	-10.14	-10.7
10.6961	-10.29	-10.68
10.704	-10.33	-10.65
10.7098	-10.5	-10.29
10.7156	-10.5	-10.32
10.7214	-10.39	-10.56
10.7272	-10.28	-10.56
10.733	-10.35	-10.47
10.7388	-10.61	-10.36
10.7446	-10.66	-10.25
10.7504	-10.6	-10.87
10.7562	-10.54	-10.88
10.762	-10.5	-10.77
10.7678	-10.5	-10.92
10.7736	-10.55	-10.69
10.7794	-10.44	-10.49
10.7852	-10.77	-10.49
10.791	-10.83	-10.7
10.7968	-10.79	-10.83
10.8026	-10.83	-10.72
10.8084	-10.66	-11.32
10.8142	-10.68	-10.91
10.82	-10.75	-10.6
10.8258	-10.79	-10.55
10.8316	-10.79	-10.59
10.8374	-10.5	-10.74
10.8432	-10.52	-10.81
10.849	-10.66	-10.75
10.8548	-10.62	-10.82
10.8606	-10.47	-10.68
10.8664	-10.54	-10.77
10.8722	-10.66	-10.86
10.878	-10.53	-10.81
10.8838	-10.74	-10.91
10.8896	-10.94	-10.9
10.8954	-10.96	-10.96
10.9012	-10.97	-10.96
10.907	-10.83	-11.03
10.9128	-10.85	-10.88
10.9186	-10.93	-10.8
10.9244	-10.87	-10.93
10.9302	-10.93	-11.15
10.936	-10.95	-11.06
10.9418	-11.03	-11.13
10.9476	-11.1	-11.21
10.9534	-11.07	-11.29
10.9592	-10.94	-11.11
10.965	-11.11	-11.02
10.9708	-11.06	-11.23
10.9766	-11.06	-11.3
10.9824	-11.14	-11.29
10.9882	-11.2	-11.16
10.994	-11.06	-11.08
11.0118	-11.1	-11.31
11.0297	-11.15	-11.19
11.0475	-11.29	-11.27
11.0653	-11.27	-11.25
11.0832	-11.21	-11.34
11.101	-11.17	-10.92
11.1188	-11.14	-11.03
11.1367	-11.22	-11.04
11.1545	-11.11	-11.07
11.1723	-11.03	-11.1
11.1902	-10.85	-11.25
11.208	-10.84	-11.22
11.2258	-11.03	-11.25
11.2437	-11.18	-11.37
11.2615	-11.04	-11.23
11.2793	-11.17	-11.12
11.2972	-11.11	-11.02
11.315	-10.93	-11.12
11.3422	-11.02	-11.11
11.3694	-10.65	-11.02
11.3966	-10.26	-11.23
11.4238	-10.03	-11.42
11.4511	-9.71	-11.4
11.4783	-10.1	-11.4
11.5055	-10.28	-11.55
11.5327	-10.21	-11.56
11.5599	-10.24	-11.19
11.5871	-10.43	-11.15
11.6143	-10.58	-11.31
11.6415	-10.48	-11.22
11.6687	-10.27	-11.42
11.696	-9.96	-11.69
11.7232	-10.05	-11.76
11.7504	-10.09	-11.89
11.7776	-10.05	-11.9
11.8048	-9.57	-11.9
11.832	-9.24	-12.06
11.8605	-9.37	-12.07
11.8889	-9.4	-12.12
11.9174	-9.36	-12.16
11.9459	-9.3	-12.11
11.9743	-9.38	-11.95
12.0028	-9.56	-11.93
12.0312	-9.37	-12.07
12.0597	-9.23	-12.16
12.0882	-9.19	-12.1
12.1166	-8.8	-12.15
12.1451	-8.6	-12.1
12.1735	-8.72	-11.8
12.202	-8.58	-11.9
12.2137	-8.71	-11.86
12.2254	-8.66	-11.83
12.2371	-8.77	-11.83
12.2489	-8.64	-11.92
12.2606	-8.85	-12.03
12.2723	-8.83	-11.94
12.284	-8.84	-12.13
12.2957	-8.97	-12.33
12.3074	-8.88	-12.32
12.3191	-9.01	-12.19
12.3308	-8.76	-11.89
12.3425	-8.79	-11.93
12.3543	-8.74	-12.07
12.366	-8.66	-12.08
12.3777	-8.53	-12.02
12.3894	-8.87	-12.1
12.4011	-8.7	-12.04
12.4128	-8.77	-11.99
12.4245	-8.79	-12.03
12.4362	-8.59	-12.23
12.448	-8.67	-12.12
12.4597	-8.77	-12.16
12.4714	-8.65	-12.18
12.4831	-8.87	-12.23
12.4948	-8.83	-12.36
12.5065	-8.59	-12.35
12.5182	-8.85	-12.42
12.5299	-8.77	-12.19
12.5416	-8.91	-12.31
12.5534	-8.58	-12.27
12.5651	-8.59	-12.09
12.5768	-8.75	-11.9
12.5885	-8.96	-11.92
12.6002	-8.64	-12.06
12.6119	-8.72	-12.19
12.6236	-8.8	-12.27
12.6353	-8.78	-12.21
12.6471	-8.8	-12.34
12.6588	-8.69	-12.34
12.6705	-8.47	-12.28
12.6822	-8.46	-12.39
12.6939	-8.52	-12.4
12.7056	-8.62	-12.46
12.7173	-8.77	-12.5
12.729	-8.79	-12.5
12.7408	-8.88	-12.4
12.7525	-8.78	-12.17
12.7642	-8.71	-12.26
12.7759	-8.95	-12.62
12.7876	-8.89	-12.67
12.7993	-9.1	-12.54
12.811	-9.08	-12.54
12.8227	-9.14	-12.58
12.8344	-8.9	-12.58
12.8462	-8.96	-12.48
12.8579	-9.03	-12.31
12.8696	-9.16	-12.13
12.8813	-9.43	-12.05
12.893	-9.66	-11.83
12.9	-9.8	-11.97
12.907	-9.89	-12.15
12.914	-9.77	-12.06
12.921	-9.95	-12.22
12.928	-10.05	-12.24
12.935	-9.92	-12.19
12.942	-9.87	-12.13
12.949	-9.87	-12.08
12.956	-10.28	-12.03
12.964	-10.01	-12.05
12.9719	-9.87	-12.14
12.9798	-10.08	-12.07
12.9878	-10.18	-11.86
12.9957	-10.19	-11.64
13.0037	-10.17	-11.54
13.0116	-10.19	-11.49
13.0196	-10.21	-11.48
13.0275	-10.28	-11.59
13.0355	-10.22	-11.63
13.0434	-10.17	-11.53
13.0514	-10.23	-11.58
13.0593	-10.23	-11.32
13.0672	-10.35	-11.43
13.0752	-10.43	-11.42
13.0831	-10.39	-11.62
13.0911	-10.12	-11.59
13.099	-10.14	-11.52
13.107	-10.02	-11.69
13.1149	-10.11	-11.79
13.1229	-10.27	-11.92
13.1308	-10.07	-11.95
13.1388	-9.86	-12.2
13.1467	-9.75	-12.27
13.1547	-9.79	-12.21
13.1626	-9.89	-12.21
13.1705	-9.94	-12.31
13.1785	-9.7	-12.45
13.1864	-9.92	-12.37
13.1944	-9.91	-12.23
13.2023	-10.1	-12.12
13.2103	-10.32	-12.34
13.2182	-10.16	-12.32
13.2262	-10.13	-12.22
13.2341	-10.09	-12.44
13.2421	-9.87	-12.26
13.25	-9.97	-12.24
13.2556	-10.03	-12.38
13.2613	-9.86	-12.61
13.2669	-9.96	-12.61
13.2725	-10.15	-12.37
13.2782	-10.05	-12.27
13.2838	-10.11	-12.22
13.2894	-10.34	-12.24
13.2951	-10.35	-12.11
13.3007	-10.36	-11.93
13.3063	-10.6	-12.16
13.312	-10.39	-12.03
13.3176	-10.64	-12
13.3232	-10.65	-11.9
13.3288	-10.86	-11.95
13.3345	-10.7	-12.07
13.3401	-10.57	-12.01
13.3457	-10.61	-11.97
13.3514	-10.57	-11.95
13.357	-10.27	-11.85
13.3658	-10.45	-11.89
13.3746	-10.44	-11.85
13.3834	-10.6	-11.84
13.3921	-10.49	-11.99
13.4009	-10.45	-11.97
13.4097	-10.37	-11.95
13.4185	-10.41	-11.94
13.4273	-10.57	-12.1
13.436	-10.52	-12
13.4448	-10.58	-12.22
13.4536	-10.51	-12.15
13.4624	-10.48	-12.21
13.4712	-10.43	-12.13
13.48	-10.4	-12.04
13.4887	-10.45	-11.99
13.4975	-10.42	-12.08
13.5063	-10.49	-11.83
13.5151	-10.39	-12
13.5239	-10.53	-11.96
13.5326	-10.47	-12.02
13.5414	-10.39	-11.98
13.5502	-10.39	-12.25
13.559	-10.36	-12.11
13.5678	-10.33	-11.87
13.5766	-10.33	-12.18
13.5853	-10.28	-12.17
13.5941	-10.25	-11.95
13.6029	-10.11	-12.1
13.6117	-10.09	-12.16
13.6205	-9.96	-12.3
13.6293	-9.99	-12.29
13.638	-10.05	-12.08
13.6468	-10.17	-11.99
13.6556	-10.26	-12.01
13.6644	-10.39	-11.98
13.6732	-10.36	-12.15
13.6819	-10.28	-12.13
13.6907	-10.24	-12.09
13.6995	-10.13	-12.18
13.7083	-10.17	-12.14
13.7171	-10.24	-12.33
13.7259	-10.07	-12.16
13.7346	-10.2	-12.11
13.7434	-10.15	-11.85
13.7522	-10.36	-11.77
13.761	-10.51	-11.88
13.7698	-10.4	-11.86
13.7785	-10.56	-11.89
13.7873	-10.41	-12.12
13.7961	-10.18	-12.25
13.8049	-10.19	-12.16
13.8137	-10.41	-12.17
13.8225	-10.24	-11.9
13.8312	-10.01	-11.85
13.84	-10.29	-12
13.8488	-10.13	-12.26
13.8576	-10.32	-12.23
13.8664	-10.29	-12.23
13.8752	-10.1	-12.12
13.8839	-10.42	-12.13
13.8927	-10.42	-11.65
13.9015	-10.48	-11.34
13.9103	-10.5	-11.7
13.9191	-10.54	-11.94
13.9278	-10.61	-11.98
13.9366	-10.68	-12.09
13.9454	-10.63	-11.99
13.9542	-10.5	-11.91
13.963	-10.56	-11.88
13.9718	-10.69	-12.03
13.9805	-10.54	-12.13
13.9893	-10.3	-12.32
13.9981	-10.17	-12.18
14.0069	-10.2	-12.14
14.0157	-10.19	-12.15
14.0245	-10.08	-12.07
14.0332	-9.96	-11.97
14.042	-10.14	-11.98
14.0508	-10.04	-12.09
14.0596	-9.92	-12.22
14.0684	-9.97	-12.14
14.0771	-9.96	-12.2
14.0859	-10.12	-12.19
14.0947	-10.19	-12.39
14.1035	-10.26	-12.41
14.1123	-10.2	-12.44
14.1211	-10.26	-12.34
14.1298	-10.11	-12.38
14.1386	-10.06	-12.63
14.1474	-9.85	-12.78
14.1562	-9.82	-12.86
14.165	-9.8	-12.55
14.1737	-9.49	-12.63
14.1825	-9.31	-12.66
14.1913	-9.43	-12.66
14.2001	-9.41	-12.67
14.2089	-9.51	-12.71
14.2177	-9.37	-12.71
14.2264	-9.33	-12.57
14.2352	-9.44	-12.63
14.244	-9.67	-12.62
14.2492	-9.7	-12.48
14.2544	-9.69	-12.15
14.2596	-10.03	-12.16
14.2648	-10.18	-12.36
14.27	-10.13	-12.24
14.2752	-10.05	-12.08
14.2804	-10.15	-12.18
14.2856	-10.26	-12.29
14.2908	-10.44	-12.23
14.296	-10.4	-12.2
14.3013	-10.27	-12.13
14.3065	-10.3	-12.03
14.3117	-10.26	-12.22
14.3169	-9.98	-12.21
14.3221	-10.28	-12.34
14.3273	-10.27	-12.33
14.3325	-10.23	-12.19
14.3377	-10.46	-12.29
14.3429	-10.27	-12.21
14.3481	-10.19	-12.36
14.3533	-9.95	-12.46
14.3585	-9.86	-12.6
14.3637	-9.83	-12.56
14.3689	-10	-12.49
14.3741	-10.11	-12.52
14.3793	-9.85	-12.6
14.3845	-9.72	-12.72
14.3897	-9.89	-12.53
14.3949	-10.03	-12.25
14.4001	-10.07	-12.55
14.4053	-9.99	-12.77
14.4105	-9.94	-12.77
14.4157	-9.85	-12.56
14.4209	-9.81	-12.44
14.4262	-10.2	-12.51
14.4314	-10.13	-12.73
14.4366	-10.05	-12.57
14.4418	-10.04	-12.6
14.447	-10.09	-12.64
14.4522	-10.17	-12.43
14.4574	-10.03	-12.45
14.4626	-10.02	-12.62
14.4678	-9.89	-12.78
14.473	-9.94	-12.73
14.4782	-9.94	-12.63
14.4834	-9.84	-12.64
14.4886	-9.99	-12.54
14.4938	-9.99	-12.48
14.499	-10.01	-12.62
14.5042	-9.92	-12.66
14.5094	-9.87	-12.7
14.5146	-9.86	-12.78
14.5198	-9.91	-12.84
14.525	-9.81	-12.79
14.5302	-9.8	-12.77
14.5354	-9.78	-12.5
14.5406	-9.58	-12.73
14.5458	-9.39	-12.61
14.5511	-9.45	-12.53
14.5563	-9.48	-12.8
14.5615	-9.49	-12.72
14.5667	-9.47	-12.61
14.5719	-9.72	-12.6
14.5771	-9.72	-12.6
14.5823	-9.62	-12.37
14.5875	-9.78	-12.38
14.5949	-9.75	-12.36
14.6022	-9.44	-12.33
14.6096	-9.48	-12.06
14.617	-9.65	-12.08
14.6243	-9.64	-12.14
14.6317	-9.58	-12.25
14.6391	-9.49	-12.51
14.6464	-9.56	-12.51
14.6538	-9.46	-12.41
14.6612	-9.31	-12.6
14.6685	-9.16	-12.78
14.6759	-8.99	-13.16
14.6833	-9	-13.35
14.6906	-9.08	-13.22
14.698	-8.97	-13.19
14.7313	-8.44	-13.11
14.7646	-8.47	-13.18
14.7979	-8.37	-13.2
14.8311	-7.9	-13.25
14.8644	-7.82	-13.21
14.8977	-8.28	-13.16
14.931	-8.31	-13.11
14.9872	-8.1	-13.2
15.0433	-7.93	-13.2
15.0995	-8.22	-13.37
15.1557	-8.21	-13.57
15.2118	-8.18	-13.75
15.268	-8.28	-13.74
15.3242	-8.27	-13.66
15.3803	-8.2	-13.78
15.4365	-8.17	-13.97
15.4927	-7.97	-13.87
15.5488	-7.82	-13.56
15.605	-7.9	-13.36
15.6612	-7.88	-13.17
15.7173	-8.06	-13.31
15.7735	-8.08	-13.52
15.8297	-7.93	-13.53
15.8858	-7.64	-13.57
15.942	-7.64	-13.54
15.9982	-7.51	-13.36
16.0543	-7.5	-13.31
16.1105	-7.56	-13.26
16.1667	-7.37	-13.17
16.2228	-7.06	-13.05
16.279	-7.15	-13.1
16.3352	-6.97	-13.04
16.3913	-7.26	-13.21
16.4475	-7.16	-13.1
16.5037	-7.36	-13.04
16.5598	-7.1	-13.06
16.616	-7.09	-12.94
16.6722	-7.33	-12.94
16.7283	-7.3	-12.86
16.7845	-7.04	-12.83
16.8407	-6.47	-12.64
16.8968	-6.78	-12.79
16.953	-6.89	-12.88
16.9774	-7.09	-12.99
17.0019	-7.12	-13.09
17.0263	-7.07	-13.09
17.0507	-7.12	-13.1
17.0751	-6.96	-13.04
17.0996	-6.99	-13.13
17.124	-6.6	-13.16
17.1484	-6.22	-13.14
17.1729	-6.94	-13.21
17.1973	-6.93	-13.12
17.2217	-7.28	-13.15
17.2461	-6.99	-13.09
17.2706	-6.87	-13.15
17.295	-6.78	-13.04
17.3145	-7.09	-13.09
17.334	-6.78	-13.15
17.3535	-6.62	-12.93
17.373	-6.74	-12.72
17.3925	-6.74	-12.61
17.412	-6.85	-12.52
17.4315	-7.11	-12.66
17.451	-7.05	-12.92
17.4705	-7.06	-12.91
17.49	-7.18	-12.94
17.5095	-7.2	-12.89
17.529	-7.1	-12.88
17.5485	-7.23	-12.93
17.568	-7.22	-12.94
17.5875	-6.77	-12.79
17.607	-6.7	-12.75
17.6265	-6.37	-12.78
17.646	-6.78	-12.81
17.6655	-7.03	-12.75
17.685	-7.01	-12.77
17.7045	-6.65	-12.87
17.724	-6.35	-12.88
17.7435	-6.44	-12.84
17.763	-6.68	-12.83
17.7825	-7.34	-12.86
17.802	-7.5	-12.95
17.8215	-7.3	-13.01
17.841	-7.17	-12.92
17.8605	-6.81	-12.94
17.88	-6.7	-12.85
17.8995	-6.79	-13.01
17.919	-6.94	-12.9
17.9385	-7.2	-12.7
17.958	-7.15	-12.71
17.9775	-6.88	-12.71
17.997	-6.76	-12.63
18.0165	-6.79	-12.64
18.036	-6.82	-12.65
18.0555	-7.08	-12.73
18.075	-7.4	-12.83
18.0945	-7.31	-12.89
18.114	-7.36	-12.86
18.1335	-7.12	-12.88
18.153	-7.05	-12.8
18.1725	-7.5	-12.91
18.192	-7.66	-12.96
18.2115	-7.57	-12.98
18.231	-7.45	-12.91
18.2505	-7.15	-12.79
18.27	-7.32	-12.62
18.2895	-7.26	-12.54
18.309	-7.16	-12.62
18.3285	-6.96	-12.62
18.348	-7.02	-12.6
18.3675	-7.07	-12.78
18.387	-7.12	-12.82
18.4065	-6.95	-12.84
18.426	-7.02	-12.75
18.4455	-7.13	-12.66
18.465	-7.23	-12.61
18.4845	-7.1	-12.62
18.504	-7.13	-12.77
18.5235	-7.23	-12.76
18.543	-7.04	-12.59
18.5625	-6.99	-12.41
18.582	-7.23	-12.4
18.6015	-7.55	-12.53
18.621	-7.54	-12.67
18.6405	-7.37	-12.71
18.66	-7.29	-12.66
18.6795	-7.37	-12.73
18.699	-7.45	-12.69
18.7185	-7.17	-12.71
18.738	-7.25	-12.7
18.7575	-7.22	-12.61
18.777	-7.22	-12.59
18.7965	-7.17	-12.68
18.816	-7.05	-12.63
18.8355	-7.12	-12.68
18.855	-7.19	-12.56
18.8745	-7.39	-12.62
18.894	-7.68	-12.76
18.9135	-7.93	-12.82
18.933	-7.87	-12.65
18.9525	-7.59	-12.58
18.972	-7.82	-12.58
18.9915	-8.05	-12.53
19.011	-7.65	-12.36
19.0305	-7.5	-12.43
19.05	-7.4	-12.46
19.0695	-7.42	-12.52
19.089	-7.16	-12.39
19.1085	-6.77	-12.51
19.128	-6.61	-12.43
19.1475	-6.63	-12.48
19.167	-6.98	-12.65
19.1865	-7.03	-12.54
19.206	-7	-12.41
19.2231	-7.26	-12.52
19.2401	-7.19	-12.5
19.2572	-6.99	-12.56
19.2743	-7.09	-12.51
19.2913	-7.18	-12.53
19.3084	-7.07	-12.5
19.3254	-7.22	-12.67
19.3425	-7.19	-12.86
19.3596	-7.05	-12.76
19.3766	-7.03	-12.66
19.3937	-6.9	-12.66
19.4107	-6.91	-12.72
19.4278	-7.08	-12.59
19.4449	-7.23	-12.38
19.4619	-7.28	-12.51
19.479	-7.35	-12.58
19.4961	-7.39	-12.58
19.5131	-7.34	-12.41
19.5302	-7.39	-12.38
19.5472	-7.12	-12.36
19.5643	-7.19	-12.36
19.5814	-6.91	-12.43
19.5984	-7.02	-12.54
19.6155	-7.06	-12.8
19.6326	-6.87	-12.8
19.6496	-6.9	-12.72
19.6667	-6.86	-12.59
19.6837	-6.73	-12.39
19.7008	-7.04	-12.46
19.7179	-7.17	-12.53
19.7349	-7.29	-12.64
19.752	-7.29	-12.69
19.7691	-7.44	-12.63
19.7861	-7.34	-12.71
19.8032	-7.29	-12.76
19.8202	-7.2	-12.54
19.8373	-6.98	-12.61
19.8544	-7.16	-12.67
19.8714	-7.01	-12.63
19.8885	-7.28	-12.71
19.9055	-6.96	-12.67
19.9226	-7.03	-12.68
19.9397	-7.24	-12.74
19.9567	-7.27	-12.71
19.9738	-6.86	-12.69
19.9909	-6.86	-12.55
20.0079	-6.91	-12.34
20.025	-6.71	-12.44
20.042	-6.94	-12.43
20.0591	-7.14	-12.48
20.0762	-7.45	-12.6
20.0932	-7.84	-12.61
20.1103	-8.01	-12.71
20.1274	-7.86	-12.83
20.1444	-7.99	-12.72
20.1615	-8.21	-12.87
20.1785	-7.84	-12.77
20.1956	-7.61	-12.63
20.2127	-7.56	-12.52
20.2297	-7.77	-12.58
20.2468	-7.77	-12.46
20.2638	-7.97	-12.55
20.2809	-8.23	-12.54
20.298	-7.87	-12.49
20.315	-7.63	-12.49
20.3321	-7.38	-12.51
20.3492	-7.19	-12.51
20.3662	-7.31	-12.58
20.3833	-7.72	-12.73
20.4003	-7.94	-12.86
20.4174	-7.36	-12.63
20.4345	-7.28	-12.68
20.4515	-7.3	-12.67
20.4686	-7.41	-12.84
20.4857	-7.59	-12.77
20.5027	-7.4	-12.76
20.5198	-7.54	-12.69
20.5368	-7.62	-12.71
20.5539	-7.44	-12.59
20.571	-7.32	-12.62
20.588	-7.93	-12.68
20.6051	-7.18	-12.6
20.6222	-7.19	-12.76
20.6392	-7.47	-12.76
20.6563	-7.61	-12.85
20.6733	-7.54	-12.75
20.6904	-7.62	-12.43
20.7075	-8.26	-12.57
20.7245	-8.16	-12.56
20.7416	-8.01	-12.6
20.7586	-8.09	-12.66
20.7757	-8.1	-12.79
20.7928	-8.16	-12.95
20.8098	-8.3	-12.94
20.8269	-8.15	-12.66
20.844	-7.99	-12.83
20.861	-7.67	-12.69
20.8781	-7.57	-12.55
20.8951	-7.5	-12.63
20.9122	-7.06	-12.57
20.9293	-7.33	-12.62
20.9463	-7.46	-12.77
20.9634	-7.24	-12.65
20.9805	-7.27	-12.66
20.9975	-7.37	-12.72
21.0146	-7.51	-12.75
21.0316	-7.51	-12.8
21.0487	-7.21	-12.71
21.0658	-7.23	-12.77
21.0828	-7.32	-12.83
21.0999	-7.68	-12.91
21.117	-7.58	-12.79
21.134	-7.66	-12.71
21.1511	-7.44	-12.69
21.1681	-7.53	-12.81
21.1852	-7.47	-12.77
21.2023	-7.51	-12.81
21.2193	-7.5	-12.87
21.2364	-7.58	-12.67
21.2534	-7.59	-12.55
21.2705	-7.74	-12.64
21.2876	-7.92	-12.68
21.3046	-8.02	-12.57
21.3217	-8.13	-12.72
21.3388	-7.71	-12.55
21.3558	-7.34	-12.62
21.3729	-7.43	-12.58
21.3899	-7.37	-12.45
21.407	-6.93	-12.45
21.424	-6.42	-12.33
21.441	-6.31	-12.31
21.458	-6.75	-12.35
21.475	-6.95	-12.59
21.492	-7.01	-12.31
21.509	-7.39	-12.34
21.526	-7.61	-12.31
21.543	-7.76	-12.65
21.56	-7.61	-12.78
21.577	-7.59	-12.88
21.594	-7.24	-12.72
21.611	-7.02	-12.71
21.628	-7	-12.67
21.645	-6.97	-12.76
24.115	-7.023	-12.771
24.1446	-7.09	-12.916
24.1742	-7.144	-12.941
24.2039	-7.108	-12.981
24.2335	-6.948	-13.019
24.2631	-7.005	-13.32
24.2927	-6.797	-13.216
24.3224	-6.374	-12.88
24.352	-6.397	-12.73
24.3816	-6.491	-12.622
24.4112	-6.782	-12.644
24.4408	-7.101	-12.652
24.4705	-7.38	-12.734
24.5001	-7.809	-12.899
24.5297	-7.929	-12.902
24.5593	-7.715	-13.041
24.589	-7.771	-13.148
24.6186	-7.772	-13.096
24.6482	-7.682	-13.002
24.6778	-7.589	-12.934
24.7074	-7.555	-12.921
24.7371	-7.628	-12.878
24.7667	-7.85	-12.833
24.7963	-7.873	-12.867
24.8259	-7.863	-12.885
24.8555	-7.879	-12.943
24.8852	-8.061	-12.877
24.9148	-8.094	-12.793
24.9444	-7.88	-12.949
24.974	-7.999	-13.056
25.0037	-8.078	-13.053
25.0333	-7.979	-12.937
25.0629	-8.016	-12.905
25.0925	-7.978	-12.939
25.1221	-8.009	-12.998
25.1518	-8.179	-12.906
25.1814	-8.086	-12.989
25.211	-8.012	-12.615
25.2605	-6.859	-12.461
25.3101	-6.576	-12.528
25.3596	-6.525	-12.57
25.4092	-6.387	-12.564
25.4587	-6.493	-12.589
25.5082	-6.513	-12.609
25.5578	-6.32	-12.684
25.6073	-6.36	-12.674
25.6569	-6.362	-12.644
25.7064	-6.305	-12.71
25.756	-6.378	-12.713
25.8055	-6.629	-12.76
25.855	-6.792	-12.643
25.9046	-6.812	-12.709
25.9541	-6.657	-12.791
26.0037	-6.85	-12.741
26.0532	-6.909	-12.79
26.1027	-7.052	-12.711
26.1523	-6.825	-12.595
26.2018	-7.084	-12.782
26.2514	-7.198	-12.874
26.3009	-7.166	-12.769
26.3504	-7.07	-12.869
26.4	-7.183	-12.773
26.4495	-6.971	-12.84
26.4991	-7.022	-12.982
26.5486	-7.135	-13.067
26.5981	-7.192	-12.959
26.6477	-7.139	-13.005
26.6972	-7.141	-12.811
26.7468	-7.071	-12.703
26.7963	-7.089	-12.785
26.8458	-7.256	-12.837
26.8954	-7.334	-12.786
26.9449	-7.18	-12.593
26.9945	-7.089	-12.593
27.044	-7.047	-12.724
27.056	-7.341	-12.775
27.068	-7.299	-12.787
27.08	-7.195	-12.888
27.092	-7.331	-12.924
27.104	-7.371	-12.85
27.116	-7.246	-12.769
27.128	-7.242	-12.797
27.14	-7.384	-12.883
27.152	-7.293	-12.928
27.164	-7.461	-12.897
27.176	-7.382	-12.964
27.188	-7.482	-12.92
27.2	-7.469	-12.949
27.212	-7.318	-12.916
27.224	-7.457	-12.826
27.236	-7.446	-12.932
27.248	-7.405	-12.961
27.26	-7.326	-12.951
27.272	-7.327	-12.996
27.284	-7.254	-12.951
27.296	-7.259	-12.971
27.308	-7.558	-12.855
27.32	-7.454	-12.944
27.332	-7.221	-12.751
27.3444	-7.378	-12.691
27.3568	-7.609	-12.639
27.3692	-7.705	-12.667
27.3816	-7.522	-12.725
27.394	-7.53	-12.866
27.4064	-7.691	-12.901
27.4187	-7.92	-12.905
27.4311	-8.005	-12.75
27.4435	-8.118	-12.789
27.4559	-8.143	-12.756
27.4683	-8.212	-12.679
27.4807	-8.114	-12.69
27.4931	-7.897	-12.766
27.5055	-7.839	-12.745
27.5179	-7.779	-12.821
27.5303	-7.716	-12.867
27.5427	-7.367	-12.915
27.555	-7.608	-13.047
27.5674	-7.366	-13.063
27.5798	-7.522	-13.006
27.5922	-7.245	-13.027
27.6046	-7.364	-13.054
27.617	-7.721	-13.182
27.6294	-7.945	-13.127
27.6418	-7.956	-13.145
27.6542	-7.675	-13.064
27.6666	-7.695	-13.135
27.679	-8.08	-13.155
27.6914	-7.929	-13.149
27.7037	-7.882	-13.193
27.7161	-7.864	-13.146
27.7285	-7.818	-13.169
27.7409	-7.616	-13.11
27.7533	-7.788	-13.113
27.7657	-7.979	-12.916
27.7781	-8.235	-12.805
27.7905	-8.445	-12.715
27.8029	-8.39	-12.553
27.8153	-8.426	-12.57
27.8277	-8.796	-12.587
27.84	-8.971	-12.602
27.8524	-8.998	-12.467
27.8648	-8.863	-12.405
27.8772	-8.938	-12.454
27.8896	-8.525	-12.316
27.902	-8.318	-12.388
27.9481	-8.058	-12.468
27.9942	-7.846	-12.698
28.0403	-7.8	-12.849
28.0864	-7.74	-12.909
28.1325	-7.848	-13.032
28.1786	-7.803	-13.197
28.2246	-7.657	-13.103
28.2707	-7.101	-13.015
28.3168	-7.149	-13.11
28.3629	-7.225	-13.003
28.409	-7.348	-12.948
28.4551	-7.405	-12.879
28.5012	-7.018	-13.077
28.5473	-7.187	-13.17
28.5934	-7.135	-13.194
28.6395	-7.381	-13.168
28.6856	-7.534	-13.226
28.7316	-7.616	-13.143
28.7777	-7.601	-13.246
28.8238	-7.528	-13.211
28.8699	-7.768	-13.152
28.916	-7.734	-13.293
28.9621	-7.912	-13.106
29.0082	-7.941	-13.152
29.0543	-8.039	-13.107
29.1004	-8.012	-13.044
29.1465	-8.337	-12.942
29.1926	-8.366	-13.173
29.2386	-8.309	-12.893
29.2847	-8.454	-12.513
29.3308	-8.536	-12.169
29.3769	-8.38	-12.133
29.423	-7.911	-12.529
29.4475	-7.631	-12.694
29.4719	-7.842	-12.955
29.4964	-7.793	-12.941
29.5209	-7.821	-12.864
29.5453	-7.505	-12.9
29.5698	-7.513	-12.963
29.5943	-7.794	-13.053
29.6187	-7.901	-13.162
29.6432	-7.857	-13.095
29.6676	-7.884	-13.032
29.6921	-8.139	-13.136
29.7166	-8.236	-13.215
29.741	-8.037	-13.107
29.7655	-7.894	-13.198
29.79	-7.851	-13.215
29.8144	-7.451	-13.109
29.8389	-7.422	-12.916
29.8634	-7.277	-13.084
29.8878	-6.945	-13.056
29.9123	-6.805	-13.176
29.9368	-7.172	-13.088
29.9612	-7.072	-12.952
29.9857	-7.132	-13.05
30.0101	-7.121	-13.272
30.0346	-7.266	-13.203
30.0591	-7.323	-13.33
30.0835	-7.394	-13.438
30.108	-7.456	-13.658
30.1345	-7.532	-13.62
30.1609	-7.548	-13.422
30.1873	-7.833	-13.367
30.2138	-7.968	-13.261
30.2402	-8.156	-13.297
30.2667	-8.071	-13.372
30.2931	-8.159	-13.33
30.3196	-8.361	-13.402
30.346	-8.081	-13.315
30.3725	-8.265	-13.026
30.3989	-7.893	-13.207
30.4254	-7.912	-13.321
30.4518	-7.609	-13.226
30.4783	-7.428	-13.195
30.5047	-7.589	-13.078
30.5312	-7.908	-13.132
30.5576	-7.809	-13.225
30.5841	-7.803	-13.257
30.6105	-7.87	-13.109
30.637	-7.964	-13.066
30.6634	-7.865	-13.057
30.6899	-7.651	-12.935
30.7163	-7.668	-12.953
30.7428	-7.615	-13.027
30.7692	-8.039	-13.142
30.7957	-8.147	-13.065
30.8221	-7.968	-12.98
30.8486	-7.981	-12.909
30.875	-8.167	-12.67
30.907	-8.057	-12.782
30.9389	-7.541	-12.868
30.9709	-7.368	-12.933
31.0028	-7.79	-12.954
31.0348	-7.735	-12.994
31.0667	-7.993	-12.931
31.0987	-8.005	-12.779
31.1306	-7.967	-12.876
31.1626	-8.117	-12.906
31.1946	-8.402	-13.036
31.2265	-8.6	-13.058
31.2585	-8.875	-12.932
31.2904	-8.836	-13.061
31.3224	-8.923	-13.136
31.3543	-8.82	-13.029
31.3863	-8.62	-13.014
31.4182	-8.364	-12.937
31.4502	-8.476	-12.795
31.4821	-8.61	-12.645
31.5141	-8.461	-12.734
31.5461	-8.251	-12.719
31.578	-8.307	-12.857
31.61	-8.281	-12.951
31.6419	-8.352	-12.736
31.6739	-8.299	-12.625
31.7058	-8.277	-12.784
31.7378	-8.077	-12.801
31.7697	-8.074	-12.908
31.8017	-8.005	-12.714
31.8336	-8.197	-12.619
31.8656	-7.933	-12.871
31.8976	-7.837	-12.804
31.9295	-7.963	-12.959
31.9615	-8.093	-12.887
31.9934	-8.263	-12.805
32.0254	-8.331	-12.813
32.0573	-8.303	-12.933
32.0893	-8.412	-12.73
32.1212	-8.46	-12.734
32.1532	-8.764	-12.884
32.1851	-8.878	-12.762
32.2171	-8.918	-12.703
32.2491	-9.087	-12.565
32.281	-8.961	-12.417
32.2915	-8.932	-12.61
32.302	-8.452	-12.55
32.3125	-8.33	-12.46
32.323	-8.729	-12.372
32.3335	-8.901	-12.287
32.344	-9.136	-12.211
32.3545	-9.302	-12.098
32.365	-9.467	-12.252
32.3755	-9.156	-12.085
32.386	-8.791	-12.073
32.3965	-8.974	-12.246
32.407	-9.079	-12.264
32.4332	-8.96	-12.061
32.4593	-8.634	-12.155
32.4855	-8.908	-12.319
32.5117	-9.021	-12.171
32.5378	-8.658	-12.144
32.564	-8.358	-12.375
32.5902	-8.265	-12.854
32.6163	-7.969	-13.154
32.6425	-7.886	-13.061
32.6687	-8.066	-12.981
32.6948	-7.834	-12.886
32.721	-7.781	-13.074
32.7472	-7.664	-13.215
32.7733	-7.806	-13.184
32.7995	-8.189	-13.125
32.8257	-8.04	-13.29
32.8518	-8.135	-13.197
32.878	-8.318	-13.159
32.9078	-8.204	-13.148
32.9375	-8.271	-13.109
32.9673	-8.327	-13.232
32.997	-8.296	-13.412
33.0268	-8.386	-13.294
33.0565	-8.104	-13.111
33.0863	-7.925	-12.935
33.116	-7.947	-12.894
33.1458	-8.329	-13.002
33.1755	-8.168	-12.963
33.2053	-8.395	-12.91
33.235	-8.303	-12.993
33.2648	-8.38	-12.958
33.2945	-8.235	-12.979
33.3243	-8.288	-12.991
33.354	-8.387	-12.985
33.387	-8.355	-13.039
33.4199	-8.426	-13.047
33.4529	-8.646	-13.158
33.4859	-8.863	-13.088
33.5188	-9.278	-12.814
33.5518	-9.179	-12.643
33.5848	-9.047	-12.655
33.6177	-9.103	-12.736
33.6507	-8.939	-12.668
33.6837	-8.86	-12.343
33.7166	-8.99	-12.26
33.7496	-9.359	-12.017
33.7826	-9.379	-12.073
33.8155	-9.252	-12.069
33.8485	-9.006	-11.945
33.8815	-8.826	-12.268
33.9144	-8.716	-12.622
33.9474	-8.243	-12.729
33.9804	-7.988	-12.931
34.0133	-8.088	-12.885
34.0463	-8.108	-12.921
34.0793	-7.981	-13.044
34.1122	-7.801	-13.06
34.1452	-7.715	-13.21
34.1782	-7.659	-13.129
34.2111	-7.263	-12.908
34.2441	-7.363	-12.845
34.2771	-7.55	-12.938
34.31	-7.676	-12.862
34.343	-7.949	-13.014
34.4083	-8.045	-12.98
34.4736	-8.378	-13.145
34.5389	-8.572	-13.034
34.6043	-8.535	-13.046
34.6696	-8.173	-12.9
34.7349	-8.263	-13.021
34.8002	-8.312	-13.057
34.8655	-8.315	-12.992
34.9308	-8.167	-12.921
34.9961	-8.11	-12.793
35.0614	-8.552	-12.646
35.1268	-9.016	-12.734
35.1921	-9.093	-12.749
35.2574	-8.933	-12.82
35.3227	-9.069	-12.787
35.388	-9.058	-12.634
35.4533	-8.88	-12.632
35.5186	-8.879	-12.596
35.5839	-8.782	-12.413
35.6493	-9.067	-12.394
35.7146	-9.274	-12.365
35.7799	-8.964	-12.418
35.8452	-8.297	-12.464
35.9105	-7.938	-12.4
35.9758	-7.564	-13.04
36.0411	-7.532	-13.097
36.1064	-7.361	-13.127
36.1718	-7.31	-13.139
36.2371	-7.444	-12.997
36.3024	-7.519	-12.962
36.3677	-7.416	-12.983
36.433	-7.668	-12.901
36.4964	-8.16	-12.879
36.5598	-8.461	-12.758
36.6232	-8.588	-12.62
36.6866	-8.779	-12.48
36.75	-8.713	-12.592
36.8134	-8.615	-12.531
36.8768	-9.181	-12.299
36.9402	-9.236	-12.331
37.0036	-9.217	-12.261
37.067	-9.271	-12.223
37.1089	-9.578	-12.456
37.1509	-9.875	-12.378
37.1928	-9.706	-12.343
37.2347	-9.965	-12.271
37.2766	-9.649	-12.445
37.3185	-9.709	-12.409
37.3605	-9.784	-12.354
37.4024	-9.486	-12.486
37.4443	-9.409	-12.533
37.4862	-9.536	-12.395
37.5282	-9.442	-12.595
37.5701	-9.207	-12.493
37.612	-9.341	-12.458
37.6455	-9.313	-12.605
37.679	-9.086	-12.618
37.7125	-8.836	-12.461
37.746	-8.504	-12.694
37.7795	-8.238	-12.624
37.813	-8.252	-12.712
37.8465	-8.555	-12.63
37.88	-8.225	-12.755
37.9135	-8.087	-12.64
37.947	-8.269	-12.424
37.9805	-8.456	-12.394
38.014	-8.754	-12.518
38.0342	-8.659	-12.386
38.0544	-8.543	-11.792
38.0746	-8.275	-11.653
38.0947	-7.991	-12.381
38.1149	-8.035	-12.599
38.1351	-8.063	-12.751
38.1553	-8.032	-12.77
38.1755	-7.82	-12.938
38.1956	-7.687	-12.827
38.2158	-7.586	-12.914
38.236	-7.066	-12.963
38.2707	-6.779	-13.1
38.3054	-6.925	-13.158
38.3401	-6.513	-13.103
38.3747	-6.443	-13.2
38.4094	-6.862	-13.336
38.4441	-6.856	-13.259
38.4788	-6.907	-13.299
38.5135	-6.541	-13.107
38.5482	-6.268	-12.889
38.5829	-6.375	-13.039
38.6175	-6.378	-13.02
38.6522	-6.534	-13.23
38.6869	-6.672	-13.375
38.7216	-6.68	-13.384
38.7563	-6.739	-13.386
38.791	-6.519	-13.238
38.8257	-6.515	-13.245
38.8603	-6.555	-13.218
38.895	-6.404	-13.173
38.9297	-6.469	-13.154
38.9644	-6.64	-13.118
38.9991	-6.446	-13.083
39.0338	-6.189	-12.848
39.0685	-6.252	-12.95
39.1031	-6.386	-13.088
39.1378	-6.673	-13.192
39.1725	-6.896	-13.182
39.2072	-6.901	-13.091
39.2419	-6.899	-13.075
39.2766	-7.19	-13.121
39.3113	-6.879	-13.119
39.3459	-6.646	-12.928
39.3806	-6.666	-12.973
39.4153	-6.94	-13.335
39.45	-6.962	-13.223
39.4789	-6.535	-13.043
39.5077	-6.672	-13.024
39.5366	-6.901	-13.028
39.5654	-7.25	-13.036
39.5943	-7.423	-13.122
39.6231	-7.644	-13.152
39.652	-7.579	-13.346
39.6808	-7.411	-13.238
39.7097	-7.36	-13.1
39.7385	-7.418	-13.124
39.7674	-7.31	-12.888
39.7962	-7.32	-12.975
39.8251	-7.536	-13.078
39.8539	-7.678	-12.928
39.8828	-7.763	-12.657
39.9116	-7.839	-12.715
39.9405	-7.863	-12.754
39.9693	-8.167	-12.656
39.9982	-8.176	-12.539
40.027	-8.38	-12.655
40.0559	-8.584	-12.677
40.0847	-8.43	-12.493
40.1136	-8.661	-12.467
40.1424	-8.848	-12.5
40.1713	-8.649	-12.446
40.2002	-8.502	-12.433
40.229	-8.406	-12.497
40.266	-8.306	-12.833
40.303	-8.117	-12.845
40.34	-7.882	-12.957
40.377	-7.643	-13.166
40.414	-7.588	-13.269
40.451	-7.332	-13.442
40.488	-6.687	-13.157
40.525	-6.855	-13.246
40.562	-7.124	-13.218
40.599	-7.327	-13.089
40.636	-7.536	-13.135
40.673	-7.578	-13.171
40.71	-7.181	-13.368
40.747	-6.93	-13.211
40.784	-7.374	-12.998
40.821	-7.492	-13.105
40.858	-7.481	-13.053
40.895	-7.701	-13.075
40.932	-7.772	-13.066
40.969	-7.849	-12.881
41.006	-7.618	-12.661
41.043	-7.478	-12.49
41.08	-7.332	-12.768
41.117	-7.444	-12.722
41.154	-7.451	-12.863
41.191	-7.457	-12.982
41.228	-7.362	-12.986
41.265	-7.197	-13.093
41.2765	-7.005	-13.03
41.288	-6.955	-12.871
41.2995	-7.089	-12.993
41.311	-7.113	-13
41.3225	-7.079	-13.082
41.334	-6.972	-13.223
41.3455	-7.123	-12.948
41.357	-7.198	-12.748
41.3685	-7.255	-12.882
41.38	-7.208	-12.987
41.3915	-7.136	-13.007
41.403	-7.034	-12.935
41.4059	-7.067	-12.841
41.4089	-7.002	-12.859
41.4118	-7.054	-12.905
41.4148	-7.291	-12.871
41.4177	-7.438	-12.799
41.4206	-7.598	-12.919
41.4236	-7.453	-12.946
41.4265	-7.683	-12.63
41.4295	-7.731	-12.876
41.4324	-7.842	-12.898
41.4353	-7.585	-13.097
41.4383	-7.581	-13.068
41.4412	-7.858	-13.092
41.4442	-7.927	-13.155
41.4471	-8.101	-13.151
41.45	-8.198	-13.106
41.453	-8.387	-13.023
41.4559	-8.327	-12.86
41.4589	-8.347	-12.928
41.4618	-8.37	-12.945
41.4647	-8.422	-12.839
41.4677	-8.492	-12.84
41.4706	-8.588	-12.886
41.4736	-8.653	-12.825
41.4765	-8.536	-13.031
41.4794	-8.716	-13.042
41.4824	-8.867	-13.198
41.4853	-8.691	-13.154
41.4883	-8.573	-13.059
41.4912	-8.573	-12.877
41.4941	-8.604	-12.624
41.4971	-8.361	-12.57
41.5	-8.225	-12.701
41.503	-8.425	-12.317
41.5059	-8.316	-12.348
41.5088	-8.355	-12.515
41.5118	-8.26	-12.886
41.5147	-8.155	-12.695
41.5177	-7.89	-12.82
41.5206	-7.77	-13.117
41.5235	-7.877	-13.124
41.5265	-8.034	-12.906
41.5294	-8.111	-12.633
41.5324	-7.892	-12.463
41.5353	-7.756	-12.616
41.5382	-7.857	-12.695
41.5412	-8.012	-12.481
41.5441	-7.707	-12.321
41.5471	-8.173	-12.361
41.55	-8.43	-12.324
41.5786	-8.201	-12.346
41.6071	-8.174	-12.289
41.6357	-8.059	-12.228
41.6643	-8.011	-12.213
41.6928	-7.643	-12.381
41.7214	-7.305	-12.582
41.75	-7.169	-12.674
41.7785	-7.052	-12.948
41.8071	-6.748	-13.014
41.8357	-6.57	-12.845
41.8642	-6.803	-12.897
41.8928	-6.758	-12.756
41.9214	-6.964	-13.056
41.9499	-6.964	-13.158
41.9785	-6.735	-13.068
42.0071	-6.644	-12.896
42.0356	-7.047	-12.922
42.0642	-7.019	-12.918
42.0928	-6.998	-12.794
42.1213	-7.208	-12.849
42.1499	-7.295	-12.83
42.1785	-7.329	-12.876
42.207	-7.194	-12.904
42.2356	-7.365	-12.911
42.2642	-7.493	-13.15
42.2927	-7.424	-13.162
42.3213	-7.199	-13.033
42.3499	-7.464	-13.064
42.3784	-7.581	-13.269
42.407	-7.81	-13.363
42.4282	-7.698	-13.074
42.4495	-7.759	-13.178
42.4707	-7.746	-13.234
42.4919	-7.775	-13.216
42.5132	-7.871	-13.283
42.5344	-7.956	-13.271
42.5556	-7.962	-13.162
42.5769	-7.914	-13.222
42.5981	-7.912	-13.147
42.6193	-8.106	-13.089
42.6406	-8.23	-13.065
42.6618	-8.139	-13.054
42.683	-8.273	-13.057
42.7043	-8.209	-12.942
42.7255	-8.33	-12.955
42.7467	-8.319	-12.917
42.768	-8.382	-12.919
42.7892	-8.323	-12.923
42.8105	-8.356	-12.875
42.8317	-8.422	-12.901
42.8529	-8.468	-12.865
42.8742	-8.486	-12.769
42.8954	-8.509	-12.774
42.9166	-8.551	-12.8
42.9379	-8.511	-12.79
42.9591	-8.593	-12.786
42.9803	-8.63	-12.756
43.0016	-8.625	-12.768
43.0228	-8.676	-12.673
43.044	-8.647	-12.627
43.0653	-8.794	-12.632
43.0865	-8.856	-12.662
43.1077	-8.924	-12.711
43.129	-8.933	-12.747
43.1502	-8.926	-12.831
43.1714	-9.011	-12.719
43.1927	-8.87	-12.542
43.2139	-8.884	-12.621
43.2351	-8.92	-12.709
43.2564	-8.879	-12.833
43.2776	-8.863	-12.793
43.2988	-8.85	-12.778
43.3201	-8.917	-12.69
43.3413	-8.786	-12.705
43.3625	-8.89	-12.684
43.3838	-8.809	-12.502
43.405	-8.791	-12.451
43.4262	-8.875	-12.369
43.4475	-8.832	-12.306
43.4687	-8.805	-12.251
43.4899	-8.954	-12.28
43.5112	-8.992	-12.38
43.5324	-9.088	-12.264
43.5536	-9.154	-12.131
43.5749	-9.078	-12.266
43.5961	-8.826	-12.376
43.6173	-8.804	-12.281
43.6386	-8.711	-12.259
43.6598	-8.587	-12.273
43.681	-8.482	-12.262
43.7023	-8.465	-12.255
43.7235	-8.39	-12.357
43.7447	-8.371	-12.265
43.766	-8.337	-12.278
43.7872	-8.357	-12.233
43.8085	-8.315	-12.193
43.8297	-8.237	-12.32
43.8509	-8.406	-12.11
43.8722	-8.689	-12.061
43.8934	-8.923	-12.093
43.9146	-9.024	-12.042
43.9359	-9.083	-11.991
43.9571	-9.095	-12.06
43.9783	-9.071	-11.993
43.9996	-9.016	-12.047
44.0208	-9.076	-11.994
44.042	-9.044	-12.076
44.0633	-8.902	-12.168
44.0845	-8.855	-12.037
44.1057	-8.7	-11.96
44.127	-8.381	-11.964
44.1482	-8.219	-12.166
44.1694	-8.171	-12.339
44.1907	-7.916	-12.477
44.2119	-7.889	-12.562
44.2331	-7.82	-12.598
44.2544	-7.351	-12.628
44.2756	-7.23	-12.584
44.2968	-7.349	-12.608
44.3181	-7.139	-12.613
44.3393	-6.938	-12.583
44.3605	-6.687	-12.487
44.3818	-6.866	-12.525
44.403	-7.3	-12.473
44.4382	-7.613	-12.564
44.4734	-7.67	-12.649
44.5086	-7.877	-12.604
44.5437	-7.93	-12.573
44.5789	-7.946	-12.604
44.6141	-7.942	-12.551
44.6493	-7.976	-12.537
44.6845	-8.075	-12.669
44.7197	-8.215	-12.767
44.7548	-8.299	-12.725
44.79	-8.305	-12.719
44.8252	-8.183	-12.65
44.8604	-7.996	-12.449
44.8956	-8.312	-12.309
44.9308	-8.53	-12.23
44.9659	-8.497	-12.125
45.0011	-8.792	-11.955
45.0363	-8.98	-11.963
45.0715	-8.753	-12.1
45.1067	-8.754	-12.067
45.1419	-8.716	-12.057
45.177	-8.578	-12.113
45.2122	-8.693	-12.003
45.2474	-8.779	-11.949
45.2826	-8.972	-11.994
45.3178	-9.133	-11.915
45.353	-9.041	-11.859
45.3881	-9.077	-11.879
45.4233	-9.114	-11.833
45.4585	-8.959	-11.779
45.4937	-8.993	-11.75
45.5289	-9.061	-11.61
45.5641	-8.959	-11.698
45.5992	-8.883	-11.757
45.6344	-8.804	-11.731
45.6696	-8.923	-11.95
45.7048	-8.998	-11.9
45.74	-9.011	-11.768
45.7752	-9.209	-11.681
45.8103	-9.039	-11.667
45.8455	-8.78	-11.654
45.8807	-8.997	-11.641
45.9159	-8.908	-11.627
45.9511	-9.039	-11.645
45.9863	-8.971	-11.613
46.0214	-8.722	-11.626
46.0566	-8.788	-11.639
46.0918	-8.87	-11.609
46.127	-9.008	-11.502
46.1622	-9.042	-11.428
46.1974	-8.877	-11.432
46.2325	-8.603	-11.421
46.2677	-8.956	-11.503
46.3029	-9.107	-11.499
46.3381	-9.065	-11.511
46.3733	-9.003	-11.759
46.4085	-8.865	-11.733
46.4436	-8.462	-11.606
46.4788	-8.403	-11.587
46.514	-8.598	-11.59
46.5492	-8.549	-11.59
46.5844	-8.612	-11.712
46.6196	-8.248	-11.71
46.6547	-8.282	-11.768
46.6899	-8.326	-11.759
46.7251	-8.2	-11.811
46.7603	-8.281	-11.903
46.7955	-8.136	-11.873
46.8307	-8.073	-11.902
46.8658	-8.055	-11.932
46.901	-8.044	-12.008
46.9362	-8.04	-12.057
46.9714	-8.202	-12.057
47.0066	-8.237	-12.05
47.0418	-8.326	-12.046
47.0769	-8.265	-12.003
47.1121	-8.199	-11.92
47.1473	-8.264	-11.945
47.1825	-8.258	-11.812
47.2177	-8.25	-11.786
47.2529	-8.201	-11.668
47.288	-8.219	-11.759
47.3232	-8.317	-11.72
47.3584	-8.637	-11.776
47.3936	-8.717	-11.738
47.4288	-8.856	-11.732
47.464	-8.856	-11.75
47.4991	-8.742	-11.716
47.5343	-8.723	-11.768
47.5695	-8.837	-11.776
47.6047	-8.613	-11.846
47.6399	-8.477	-12.017
47.6751	-8.291	-12.402
47.7102	-8.05	-12.695
47.7454	-7.841	-12.965
47.7806	-7.771	-12.974
47.8158	-7.456	-12.937
47.851	-7.317	-12.969
47.8862	-7.262	-12.986
47.9213	-7.311	-12.953
47.9565	-7.399	-12.926
47.9917	-7.398	-12.871
48.0269	-7.452	-12.826
48.0621	-7.419	-12.715
48.0973	-7.353	-12.702
48.1324	-7.376	-12.711
48.1676	-7.517	-12.775
48.2028	-7.661	-12.898
48.238	-7.717	-13.016
48.2732	-7.901	-12.956
48.3084	-7.903	-12.938
48.3435	-7.921	-12.916
48.3787	-7.865	-12.947
48.4139	-7.81	-12.867
48.4491	-7.716	-12.892
48.4843	-7.601	-12.888
48.5195	-7.559	-12.902
48.5546	-7.535	-12.91
48.5898	-7.446	-12.859
48.625	-7.393	-12.842
48.636	-7.325	-12.729
48.6471	-7.309	-12.854
48.6581	-7.371	-12.842
48.6691	-7.454	-12.822
48.6802	-7.507	-12.8
48.6912	-7.503	-12.781
48.7022	-7.597	-12.675
48.7133	-7.653	-12.656
48.7243	-7.809	-12.591
48.7353	-7.753	-12.621
48.7464	-7.915	-12.615
48.7574	-7.882	-12.547
48.7684	-8	-12.53
48.7795	-7.893	-12.51
48.7905	-7.926	-12.491
48.8015	-8.04	-12.397
48.8126	-7.76	-12.64
48.8236	-8.061	-12.369
48.8346	-8.106	-12.413
48.8457	-8.246	-12.304
48.8567	-8.404	-12.205
48.8677	-8.423	-12.228
48.8788	-8.478	-12.217
48.8898	-8.576	-12.128
48.9008	-8.701	-12.16
48.9119	-8.709	-12.103
48.9229	-8.675	-11.991
48.9339	-8.726	-12.014
48.945	-8.643	-12.172
48.956	-8.574	-12.069
48.967	-8.657	-12.119
48.9781	-8.756	-12.09
48.9891	-8.784	-11.969
49.0001	-8.806	-11.97
49.0112	-8.806	-11.879
49.0222	-8.802	-11.868
49.0332	-8.712	-11.955
49.0443	-8.753	-11.965
49.0553	-8.956	-11.975
49.0663	-9.084	-12.006
49.0774	-8.966	-11.966
49.0884	-8.935	-11.883
49.0994	-8.983	-11.777
49.1105	-9.066	-11.688
49.1215	-9.066	-11.699
49.1325	-9.062	-11.666
49.1436	-9.06	-11.683
49.1546	-8.968	-11.734
49.1656	-8.843	-11.779
49.1767	-8.88	-11.719
49.1877	-8.89	-11.8
49.1987	-8.896	-11.737
49.2098	-8.993	-11.721
49.2208	-9.054	-11.748
49.2318	-8.99	-11.769
49.2429	-8.867	-11.825
49.2539	-8.922	-11.804
49.2649	-8.958	-11.706
49.276	-8.831	-11.839
49.287	-8.865	-11.853
49.298	-8.873	-11.851
49.3091	-8.798	-11.942
49.3201	-8.871	-11.838
49.3311	-8.844	-11.882
49.3422	-8.829	-11.762
49.3532	-8.765	-11.709
49.3642	-8.79	-11.633
49.3753	-8.602	-11.897
49.3863	-8.908	-11.647
49.3973	-8.923	-11.717
49.4084	-8.911	-11.636
49.4194	-9.017	-11.608
49.4304	-8.941	-11.639
49.4415	-8.986	-11.638
49.4525	-8.887	-11.584
49.4635	-8.951	-11.688
49.4746	-9.002	-11.678
49.4856	-9.069	-11.766
49.4966	-9.159	-11.812
49.5077	-8.963	-11.998
49.5187	-9.24	-11.909
49.5297	-9.187	-12.021
49.5408	-9.247	-12.182
49.5518	-9.205	-12.386
49.5628	-9.202	-12.404
49.5739	-9.117	-12.415
49.5849	-9.096	-12.425
49.5959	-9.033	-12.462
49.607	-9.132	-12.512
49.618	-8.959	-12.512
49.6249	-9.128	-12.495
49.6318	-9.112	-12.469
49.6388	-9.05	-12.49
49.6457	-9.066	-12.446
49.6526	-9.169	-12.533
49.6595	-9.093	-12.594
49.6664	-8.95	-12.596
49.6734	-8.98	-12.734
49.6803	-9.063	-12.669
49.6872	-9.062	-12.7
49.6941	-9.122	-12.605
49.701	-9.122	-12.576
49.708	-9.042	-12.615
49.7149	-9.062	-12.748
49.7218	-9.114	-12.856
49.7287	-9.069	-12.82
49.7356	-9.09	-12.778
49.7426	-9.082	-12.718
49.7495	-8.991	-12.771
49.7564	-9.017	-12.752
49.7633	-9.019	-12.762
49.7702	-9.027	-12.683
49.7772	-9.046	-12.703
49.7841	-8.963	-12.608
49.791	-8.932	-12.731
49.7979	-8.94	-12.747
49.8048	-8.971	-12.787
49.8118	-8.93	-12.751
49.8187	-8.814	-12.804
49.8256	-8.915	-12.612
49.8325	-8.861	-12.63
49.8394	-8.973	-12.542
49.8464	-9.015	-12.603
49.8533	-9.096	-12.694
49.8602	-9.136	-12.716
49.8671	-9.234	-12.652
49.874	-9.172	-12.503
49.881	-9.209	-12.402
49.8879	-8.992	-12.447
49.8948	-8.966	-12.392
49.9017	-9.029	-12.538
49.9086	-9.023	-12.541
49.9156	-9.128	-12.494
49.9225	-9.057	-12.439
49.9294	-9.046	-12.502
49.9363	-9.008	-12.584
49.9432	-8.932	-12.59
49.9502	-9.012	-12.557
49.9571	-9.086	-12.509
49.964	-9.18	-12.512
49.9668	-9.125	-12.483
49.9697	-9.122	-12.422
49.9725	-9.227	-12.375
49.9754	-9.365	-12.334
49.9782	-9.401	-12.345
49.981	-9.556	-12.372
49.9839	-9.578	-12.276
49.9867	-9.506	-12.094
49.9896	-9.57	-11.987
49.9924	-9.686	-11.945
49.9952	-9.728	-11.729
49.9981	-9.764	-11.729
50.0009	-9.817	-11.796
50.0038	-9.825	-11.714
50.0066	-9.834	-11.715
50.0094	-9.918	-11.822
50.0123	-9.797	-11.73
50.0151	-9.878	-11.722
50.018	-9.83	-11.739
50.0208	-9.747	-11.809
50.0236	-9.842	-11.762
50.0265	-9.736	-11.652
50.0293	-9.753	-11.62
50.0322	-9.769	-11.556
50.035	-9.821	-11.677
50.0378	-9.669	-11.594
50.0407	-9.713	-11.629
50.0435	-9.789	-11.585
50.0464	-9.741	-11.519
50.0492	-9.706	-11.594
50.052	-9.684	-11.552
50.0549	-9.697	-11.605
50.0577	-9.717	-11.607
50.0606	-9.671	-11.605
50.0634	-9.64	-11.596
50.0662	-9.617	-11.628
50.0691	-9.651	-11.6
50.0719	-9.564	-11.57
50.0748	-9.548	-11.655
50.0776	-9.516	-11.841
50.0804	-9.551	-11.777
50.0833	-9.567	-11.874
50.0861	-9.544	-11.914
50.089	-9.396	-11.882
50.0918	-9.348	-11.762
50.0946	-9.329	-11.727
50.0975	-9.315	-11.758
50.1003	-9.295	-11.718
50.1032	-9.375	-11.768
50.106	-9.358	-11.774
50.1088	-9.382	-11.883
50.1117	-9.371	-11.884
50.1145	-9.354	-11.915
50.1174	-9.385	-11.896
50.1202	-9.316	-11.877
50.123	-9.26	-11.826
50.1259	-9.355	-11.628
50.1287	-9.471	-11.612
50.1316	-9.653	-11.625
50.1344	-9.583	-11.528
50.1372	-9.496	-11.579
50.1401	-9.435	-11.528
50.1429	-9.368	-11.557
50.1458	-9.294	-11.587
50.1486	-9.307	-11.622
50.1514	-9.088	-11.812
50.1543	-9.182	-11.683
50.1571	-9.21	-11.863
50.16	-9.211	-11.815
50.1628	-9.153	-11.858
50.1656	-9.24	-11.796
50.1685	-9.207	-11.802
50.1713	-9.185	-11.817
50.1742	-9.229	-11.676
50.177	-9.332	-11.659
50.1809	-9.275	-11.631
50.1848	-9.305	-11.605
50.1887	-9.2805	-11.657
50.1926	-9.256	-11.709
50.1965	-9.302	-11.732
50.2004	-9.335	-11.737
50.2043	-9.15	-11.72
50.2082	-9.162	-11.722
50.2121	-9.063	-11.8
50.216	-8.872	-11.908
50.2199	-8.822	-11.908
50.2238	-8.862	-11.906
50.2277	-8.728	-11.849
50.2316	-8.758	-11.933
50.2355	-8.618	-11.954
50.2394	-8.611	-11.873
50.2433	-8.658	-11.834
50.2472	-8.714	-11.803
50.2511	-8.754	-11.861
50.255	-8.842	-11.946
50.2589	-9.022	-11.931
50.2628	-8.56	-11.875
50.2667	-8.698	-11.923
50.2706	-8.429	-11.761
50.2745	-8.485	-11.808
