/* DESCRIPTION:
Reference:	Naafs, BDA et al. (2013): Millennial-scale ice rafting events and Hudson Strait Heinrich(-like) Events during the late Pliocene and Pleistocene: a review. Quaternary Science Reviews, 80, 1-28, https://doi.org/10.1016/j.quascirev.2013.08.014
Data from:	https://doi.org/10.1594/PANGAEA.818093. Accessed 11 Nov 2022.
	https://doi.org/10.1594/PANGAEA.818090. Accessed 11 Nov 2022.
	https://doi.org/10.1594/PANGAEA.818091. Accessed 11 Nov 2022.
Comment:	Values for identical dates are averaged.
	Several variables from the original datasets are not included here.
*/
Age [ka BP]	SST (1-12) [°C]	Dol/Cal [10**-3]	Qz/Cal [10**-3]
5	19.81	2.3	3.4
5.61	19.37	0	0
6.82	19	3.7	3.2
7.43	19.82	0	0
8.04	19.61	0	0
8.65	18.95	0	7.6
9.26		13	0
9.87	18.6	4.3	5.3
10.47	20.63	0	4
11.08	19.8	11.1	5.9
11.69	19.27	8.6	6.8
12.3		14.7	8.9
12.91	19.96	18.3	7.6
13.52	17.99	12.4	14.7
14.07	17.79	19.4	11
14.59	16.94	36.8	20.7
15.06	16.37	31.9	18.1
15.45	18.03	24.4	18.1
15.74	17.62	33.6	29.2
16.01	16.96	39.3	27.6
16.25	17.05	62.3	38.2
16.47	15.8	39.1	24.8
16.69	16.16	59.8	47.9
16.91	15.37	67.2	36.3
17.14	14.75	51	50.5
17.44	15.3	117.4	57.7
17.78	14.73	56.6	34.7
18	13.69	31	33.6
18.15	12.16	53.4	47.3
18.3	13	58.3	38.1
18.45	13.61	43.5	40.3
18.66	13	54.8	29.3
18.88	13.57	33.3	30.5
19.1	13.41	31.1	23.1
19.32	13.25	25.5	27.8
19.56	12.28	18.3	20.2
20.11	13.33	0	21.3
20.38	13.01	14.2	21.6
20.65	11.81		
20.93	12.4	18.3	19.3
21.2	13.03	11.8	23.2
21.48	11.21		
21.75	12.08	14.6	22.1
22.02	12.75	0	23.7
22.3	11.57	18.2	23.2
22.57	12.44	33.8	25.2
22.84	12.95	22.8	28.2
23.1	13.11	41.4	25.5
23.33	13.6		
23.54	14.51	39.7	26.6
23.76	14.01	38.1	26.8
23.92	13.44	76.1	41.8
24.06	13.93	54.4	37.5
24.21	14.99	63.7	39.1
24.36	14.27	79.1	56.7
24.5	14.36	164.2	77.2
24.65	14.56	89.7	45.3
24.79	12.29	70.5	50.3
24.94	12.55	67	47.9
25.13	12.3	49.9	42.2
25.35	13.25	27.7	34
25.6	12.61	17	33.9
25.87	11.47	46.5	33.7
26.16	12.3	11.4	27.1
26.55	12.2	0	33.5
27.01	11.69	7.4	25
27.46	12.65	0	29.4
27.92	13.2	0	28.7
28.38	11.81	9.5	26.3
28.84	12.97	0	21.4
29.35	13.46	0	24.9
29.94	14.57	0	26.9
30.55	15.58	14.2	30.6
31.16	14.72		
31.77	15.14	13	30.2
32.61	14.54	10.8	34.9
33.53	13.95	0	35.8
34.44	14.08	11.8	29.6
35.22	12.91	10.9	31.5
35.79	13.54	16.6	30.9
36.26	12.84	16.3	26.6
36.54	14.01	0	22.6
36.78	13.23	11.3	21.4
37.02	14.34	14.5	20.5
37.24	14.48	8.6	21.7
37.4	14.02	17.4	24.9
37.54	15.77	20	27.3
37.69	15.46	12.5	22.2
37.84	14.9	16.1	19.2
37.98	15.49	11	19.1
38.13	15.3	26.1	26
38.27	15.2	48.9	23.8
38.42	14.85	22.7	26.6
38.57	13.35	21.7	18.3
38.71	13.62	32.1	21.2
38.86	15.08	33.7	21.4
39	15.77	38.7	22.6
39.15	15.1	93.7	23
39.3	15.52	56.6	26.7
39.44	15.04	81.3	37
39.59	15.38	57.6	38.7
39.73	15.6	112.1	69.2
39.91	15.39	67.3	29
40.16	14.41	48.5	25.5
40.45	13.9	38.4	35.9
40.91	14.19	35.8	24.1
41.4	16	40.2	24.8
41.95	16.23	46.4	25.2
42.53	15.11	11.7	17.6
43.75	15.67	20.6	17.8
44.36	15.97	0	13.9
44.96	15.98	0	16.2
45.57	16.31	10.1	15.1
46.16		11.7	16.3
46.75	16.33	10.7	14.7
47.21	15.4	15.7	17.8
47.48	16.54	13.7	58.4
47.72	16.77	17.2	18.1
47.94	16.37	18.1	13.3
48.16	16.53	49.4	24.4
48.38	16.02	29.8	22.5
48.6	15.87	21.9	23.3
48.82	15.55	27.1	22.4
49.04	14.81		
49.26	15.53	53.9	27.2
49.48	15.43	35.4	15.7
49.74	15.8	19.3	17.9
50.03	15.28	0	9.3
50.34	14.09	7.9	10.8
50.7	16.1	0	9.4
51.07	16.13	10	9.3
51.8	15.12	0	8.6
52.16	14.99		
52.51	16.11	0	8.5
52.8	17.54	0	6.7
53.09	16.9	4.1	7.9
53.39	16.56	0	6.7
53.68	16.45	4.2	10.6
53.97		5.5	10
54.26	16.73	4.8	8.9
54.55	16.93	0	10.6
54.84	16.34	7.8	14.4
55.14	17.07	0	10.4
55.43	15.84	0	16.7
55.72	17.37		
56.01	16.59	0	13.3
56.3	16	5.9	16.3
56.6	16.62	0	16
56.89	16.53	0	14
57.18	14.93	0	15.8
57.47	16.14	7.9	21.2
57.76	16.01	0	12.8
58.06	15.66	2.3	12.3
58.4	16.08	0	12.6
58.76	15.23	3.3	19.7
59.13	15.17	4.9	19.8
59.49	15.56	3.5	23.1
59.86	15.19	4.9	31.1
60.22		4	38.1
60.59	13.35	4.4	34.3
60.95	13.45	3.8	32.3
61.32	12.92	6.1	36.8
61.68	12.83		
62.05	12.58	5.3	30.9
62.41	13.35	4.2	25
62.78	13.34	2.4	22.6
63.14	12.62	5.5	26.1
63.54	11.99	5.1	26.4
64	10.87	3.8	25
64.43	12.56	4.5	25.8
64.72	11.89	0	21
65.01	13.74	0	18.4
65.3	12.66	4.2	20.2
65.59	13.51	0	22.9
65.89	13.8	0	14.4
66.18	13.42	0	15.4
66.51	12.72	2.3	13.6
66.92	13.57	0	11.5
67.37	15.31	0	11.4
67.83	14.51	0	11.4
68.29	14.6	0	8.8
68.74	14.51		
69.2	15.44	0	9.7
69.65	15.97		
70.11	16.29	0	7.5
70.57	16.84	5.1	12.5
71.02	15.65	2.2	10.3
71.48	16.8	0	6.4
71.93	16.09	0	7
72.39	16.73		
72.85	16.29	0	5.4
73.3	16.21	2.4	7.2
73.76	17.1	0	5.1
74.22	14.75	0	8.2
74.67	15.15	0	6.7
75.13	15.59	0	7
75.58	15.66	0	4.4
76.04	16.83	0	3.6
76.5	15.875	0.7	1.4
76.95	16.545	0	1.4
77.41	16.75	0	0
77.86	16.585	0	7.1
78.32	16.77	0.8	1.45
78.78	16.62	0	0
79.23	16.76	1.05	1.1
79.69	17.13	2.9	0
80.15	16.895	0	1.35
80.6	17.115	1.2	4.45
81.06	17.295	0	0
81.51	16.145	5	3.3
81.97	17.37	3.1	2.5
82.43	17.035	3.4	4.75
82.88	17.7	5.5	5.2
83.34	17.24	4.8	5.1
83.8	17.74	0	0
84.25	17.36	9.7	0
84.71	17.28	6.7	6.1
85.16	15.64		
85.62	15.4	0	4.6
86.3	15.93	0	3.1
86.76	17.44	0	0
87.22	16.83	0	0
87.9	17.02	0	0
88.36	17.23	0	0
88.81	17.51	0	0
89.5	17.81	0	0
89.95	17.81	0	1.7
90.41	17.6	0	0
91.09	17.49	0	0
91.55	17.81	0	0
92.01	17.55	0	0
92.46	15.65	0	3.3
93.15	17.78	0	2.7
93.6	17.3	0	0
94.06	17.94	0	0
94.65	17.74	0	0
95.01	17.63		
95.38	17.73	3.4	0
95.93	18.26	0	0
96.29	17.9	0	3.1
96.66	18.17	0	0
97.02	19.89		
97.57	18.28	0	3.4
97.93	18.48	0	0
98.3	18.38	0	0
98.85	18.58	0	0
99.21	18.01	0	3.9
99.81	17.92	0	0
100.61		0	0
101.14	18.18	0	0
101.68	18.48	0	0
102.48	15.96	0	7.6
103.01	18.65	0	0
103.54	17.66	0	0
104.08	17.88	0	0
104.61	18.29	0	0
105.14	17.11	0	0
105.68	17.78		
106.21	14.89		
106.74	15.16		
107.28	15.42		
107.81	16.04		
108.34	16.29		
108.88	16.52	0	4.9
109.41	17.09	0	6.2
109.67	16.31	0	0
110.21	16.34	0	5.8
110.74	15.99	0	6.8
111.27	15.09	0	6
111.81	16.51	0	0
112.34	14.68	0	5.5
112.87	15.87	0	3.8
113.67	14.98	0	3.7
114.21	15.73	0	0
114.74	16.49	0	0
115.27	16.28	0	3.2
115.81	16.42	0	0
116.34	17.48	0	0
116.87	17.09	0	2.8
117.41	17.57	0	0
117.94	17.62	0	0
118.47	17.6	0	0
119.01	17.55	0	0
119.54		0	0
120.07	17.48	0	0
123.54	18.77	0	0
124.07	19.12	0	0
124.61	19.91	0	0
125.14	19.36	0	0
125.67	19.23	0	3.7
126.21	18.82	0	3.5
126.74	19.03	0	0
127.27	0	0	6
127.81	18.24	0	6.9
128.34	18.43	0	8.8
128.87	18.2	19.8	11.5
129.41	18.06	10.9	15.2
129.94	17.98	9.2	17.1
130.47	15.37	19.9	20.4
131.27	15.86	28.9	22.4
131.8	13.81	19.3	25.9
132.34	14.77	10.9	20.3
132.87	13.79	0	22.2
133.4	15.17	0	18.2
133.94	14.94	0	22.4
134.47	14.9	0	17.4
135	14.3	0	19.7
135.54	14.83	0	15.4
136.07	16.03	0	14.5
136.6	15.63	0	13.4
137.09	14.71	0	11.9
137.51	15.87	18	13
137.94	16.08	0	12.8
138.37	15.66	0	11
138.79	16.19	0	11.1
139.22	16.38	0	9.7
139.86	15.64	0	12.8
140.29	15.75	0	13.3
140.71	16.43	0	12.5
141.14	16.7	0	11.8
141.57	16.9	0	12.5
141.99	15.98	0	12.6
142.42	16.2	0	19.3
142.85	14.94	0	16.6
143.27	15.71	0	11.9
143.7	16.39	0	10.1
144.13	15.84		
144.55	15.02		
144.98		0	8.4
145.41	16.04	0	7
145.83	16.16	0	6.9
146.26	15.13		
146.9	14.45	0	11
147.75	15.14	0	8.1
148.18	15.04	22.3	10.4
148.6	14.71	0	7.4
149.03	15.72	0	12.6
149.46	16.52	0	16.5
149.88	15.62	4.1	13
150.31	15.4	0	14
150.74	14.75	0	14.2
151.16	15.14		
151.59	15.25	0	16.8
152.02	15.23	0	26
152.44	16.07	9.7	18
152.87	15.91	0	21.5
153.3	14.93	0	25.1
153.94	13.32	15.5	29.8
154.36	13.2	11	26.2
154.79	12.74	0	30.1
155.22	13.39	11.1	35.3
155.64	12.88	0	29.2
156.07		0	32
156.5	13	9.2	31.4
156.92	14.08	11.7	33.1
157.35	13.27		
157.78	13.28	12.3	32.4
158.2	13.9	11.6	16.7
158.63	15.2	0	19.9
159.06	15.09	0	16.9
159.48	14.5		
159.91	15.96	0	18
160.34	15.05	0	16.2
160.76	16.1	0	15.8
161.4	15.42	0	14.7
161.83	14.32		
162.04	15.32	0	16.8
162.47	15.74	0	14
162.68	15.2	0	13.1
163.11	15.87	12	12
163.54	15.17	0	12.8
163.75	15.57	0	11.3
164.18	16.06	0	14.2
164.6	15.34	0	8.3
164.82	15.71	0	8.8
165.24	15.58	0	6.6
165.67	16.6	0	7.4
165.88	16.83	0	4.9
166.31	16.93	0	6
166.74	16.7	0	8.5
166.95	15.96	0	7.3
167.37	17.13	0	8.2
167.8	16.71	0	9.5
168.01	16.36	6.2	10
168.44	16.87	7.2	12.8
168.87	15.69	0	14.3
169.08	16.51	0	13.5
169.51	17.48	9.7	15.9
169.72	16.61	0	13.5
170.15	16.22	0	16
170.57	15.64	9.4	17.3
170.79	15.54		
171.21	15.72	7.2	18.3
171.64	15.97	7	17.6
171.85	16.41	0	17.6
172.28	15.5	0	18
172.71	17.01	0	13.1
172.92	16.99	0	14.1
173.35	16.68	0	15.1
173.77	16.99	6.2	15.9
174.2	14.71	0	17.1
174.63	14.62	0	14.7
175.13	14.95	0	16.4
175.93	14.56	0	12.1
176.46	14.44	0	10.2
177.26	14.42	0	9.9
177.8	14.13	0	11.2
178.6	14.28	0	12.4
179.13	14.15	0	8.9
179.93	14.15	0	9.3
180.46	14.42	3.5	11
181	14.85	0	7.5
181.53	14.82	0	9.6
182.06	14.84	0	10.5
182.6	14.67		
183.13	15.16		
183.66	15.08	0	9.9
184.2		0	11.9
184.73	15.55	0	13.3
185.26	14.32	0	10.7
185.8	14.53	5.2	11.3
186.33	13.56	0	11
186.86	14.64	0	11.8
187.13	15.11		
187.66	16.53	8.7	11.1
188.2	16.06	0	9.8
188.73	16.45	4.6	8.8
189.26	14.58	4.3	10.7
189.83	15.97	0	7.9
190.4	17.54	0	7.5
190.97	16.7	0	10.8
191.53	18.07	4.2	9.3
192.1	18.21	0	4.9
192.67	18.56	0	11
193.24	17.96	0	13.1
193.81	16.58	8.1	10
194.38	16.86	0	10.5
194.95	16.88	0	7.4
195.52	16.89	0	4.7
195.8	16.74	0	0
196.37	15.73	0	0
196.94	16.56	0	4.1
197.51	17.76	0	0
198.08	17.2	0	0
198.64	17.51	0	0
199.21	16.23	0	0
199.78	17.4	0	0
200.35	18.03	0	0
200.92	18.2	0	0
201.56	17.91	0	4.9
202.2	17.56		
202.84	15.84	1.7	6.2
203.48	16.9	0	0
204.12	17.5	0	0
204.76	17.3	0	3.2
205.39	15.9	0	3.2
206.03	17.36	0	2.7
206.67	17.31	0	0
207.31	17.64	0	0
207.95	18.17	0	0
208.59	16.41	0	0
209.23	18.61	0	0
209.93	18.85		
210.79	18.82	0	3.5
211.64	19.01	0	3.2
212.49	18.94		
213.35		0	4.5
214.2	17.65	0	0
215.48	19.06	0	5.2
216.33	18.13	0	7.7
217.19	17.88	9.7	8.5
218.04	19.07	4.8	8.7
218.89	18.71	4.1	6.9
219.75	17.82	46.9	8.8
220.6	16.59	11.7	19.8
221.43	14.96	21.7	38.5
222.14	15.08	17.8	21.6
222.86	15.35	10.5	25.4
223.57	16.56	5.1	12.5
224.28	16.87	6.1	14.3
224.99	14.66	0	11
225.7		0	13.5
226.41	16.54	0	13.5
227.12		0	12.8
227.83	17.02	0	11.7
228.54	15.21	21.3	12.9
229.26	16.19	0	10.1
229.97	16.61	0	9.6
230.68	16.19	0	8.9
231.39	16.97	0	7.5
232.46	16.35	0	6.2
233.17	17.13	0	0
233.88	16.77	0	4.7
234.59	17.33	0	7.7
235.3	16.96	0	0
236	17.12	0	11.5
236.64	17.37	0	4.1
237.28	17.71	0	4.5
237.92	17.87	5.1	4.6
238.56	17.54	7.1	5.6
239.2	17.35	3.9	7.4
239.84	17.26	0	7
240.48	17.23	6.6	6.8
241.12	16.89	17.8	11.1
241.76	17.32	16.4	14.9
242.4	14.81	0	5
243.04	14.37	18	14.6
243.68	14.26	10.5	16.5
244.32	12.96	14.9	19
244.92	14.2	7.2	18.4
245.49	13.46	6.6	13.4
246.06	14.8	6.7	14.9
246.35	14.82	5.4	12.7
246.91	15.65	5.8	12.2
247.48		0	13.3
248.62	17.22	7	13.3
249.19	16.86	9	16.9
249.76	14.35	20	20.9
250.33	15.15	10.5	18.1
250.9	15.11	14.3	20.4
251.46	15.29	10	20.1
251.75	15.11	15.1	20.6
252.32	16.22	6.5	15.4
252.89	16.55	5.2	17
253.46	15.9		
254.02	16.21	5.3	12.2
254.59	16.06	4.7	13.8
255.16	15.15	7.3	16.6
255.73	15.21	5.6	16
256.3	14.22	6.7	13.6
256.94	14.68	0	10.5
257.36	16.48	4.9	9.7
257.79	16.37	0	10.4
258.22	16.15	8.9	11.5
258.86	15.38		
259.27	15.36	7.3	12.5
259.61	15.86	9.1	11.3
259.95	16.27	9.7	14.7
260.29	16.81	5.6	10.5
260.8	15.85	10	12.3
261.14	15.56	0	0
261.49	15.03	8.4	12.2
261.83	15.12	11.9	12
262.34	14.66	14.9	11.3
262.51	15.21	11.7	10.9
262.85	15.04	13.9	9.8
263.19	15.31	13.8	9.2
263.36	15.59	16	10.9
263.7	15.63	19.5	11.7
264.04	15.3	13.8	11
264.22	15.08	23.2	11.8
264.56	15.01	40.3	16.9
264.9	15.26	24.7	13.4
265.07	15.14	35.4	19.4
265.41	15.23	34.5	19.6
265.75	14.38	32.4	24.1
265.92	14.46	60.1	35.6
266.26	14.41	81	23.6
266.6	14.59	35.8	19.7
266.95	14.6	14.7	16.9
267.46	14.51	0	14.5
267.8	14.89	9.9	13.7
268.14	14.77	6.1	16.8
268.48	14.65	0	13.6
268.82	14.42	0	16.6
269.16	14.84	9.2	12.6
269.51	14.94	16.1	16.3
269.85	14.34	10.6	21.2
270.19	14.4	8.2	23
270.53	13.115	22	27.75
270.87	12.29	20.05	34.8
271.21	10.735	20	36.15
271.55	10.7	18.05	32.95
271.89	9.82	16.3	40
272.24	9.58	16.3	37.35
272.58	11.25	8.25	31.7
272.92	10.99	17.15	33.4
273.26	10.65	3.9	25.4
273.6	9.7	4.4	21.15
273.94	10.98	8	22.1
274.28	10.51	8.8	21.1
274.62		6.6	18.9
274.97	11.34	8.05	18.1
275.31	11.41	7.4	17.3
275.65	10.73	0	17.5
275.99	12.99		
276.33	11.06	0	11.6
276.67	10.47	0	10.7
277.01	10.99	0	10.5
277.35	11.42	0	7.7
277.7	13.05	0	0
278.04	12.65	0	5.3
278.38	13.66	0	4.6
278.72	14.07	0	3.6
279.06	14.46	0	5.2
279.4	15.05	0	3.9
279.74	14.63	0	3.9
280.08	14.41	0	3.8
280.43	14.94	0	0
280.77	15.56	0	0
281.11	16.26	0	0
281.45	16.56	0	0
281.79	14.96	0	0
282.13	16.67	0	0
282.47	16.97	0	0
282.82	16.72	0	0
283.16	16.47	0	0
283.5	16.7	0	0
283.84	16.53	0	0
284.18	16.19	0	0
284.52	16.59	0	0
284.86	16.75	0	0
285.2	15.74	0	0
285.55	17.06	0	0
285.89	16.29	0	0
286.23	17.01	0	0
286.57	17.32	0	0
286.91	16.8	2	0
287.25	16.91		
287.59	17.79	1.5	1.9
287.93	17.34	0	1.9
288.28	16.72	0	0
288.62	16.61	0	2.2
288.96	16.53	0	2.1
289.3	17.22	0	2.4
289.64	17.02	0	2.4
289.98	16.86	0	2.6
290.32	15.91	0	3.3
290.66	16.06	0	4
291.01	15.8	0	5.2
291.35	14.45		
291.69	12.92	3	6.1
292.03	12.3	0	5
292.37	11.12	0	5.5
292.71	11.59	3.5	5.2
293.05	11.65	3.2	6.3
293.39	12.2	4	5.9
293.74	13.42	3.4	5.5
294.08	12.91	3.8	4.7
294.48	13.74	2.4	4.6
294.91	13.72	2.7	5.3
295.34	13.93	3.3	4.4
295.77	15.25	3.3	5.7
296.19	15.15	0	5.4
296.62	14.66	4.2	5.8
297.05	13.7	3.6	6
297.47	13.38	5.1	5
297.9	14.96	4.1	3.7
298.32	15.44	0	0
298.75	16.05	0	2.4
299.18	15.39	2.7	2.9
299.6	15.4	3.8	0
300.03	16.03	0	4
300.46	16.27	0	0
300.88	15.99	0	0
301.31	15.3	0	3.3
301.74	15.22	0	3.3
302.16	16.2	0	3.1
302.59	16.53	0	0
303.05	16.93	0	0
303.58	16.24	0	2.7
304.12	15.85		
304.65	16.66	2.5	0
305.18	16.87	0	2.2
305.72	16.56	0	0
306.25	15.98	5.5	4.1
306.78	15.36	0	4.5
307.32	14.83	3.1	0
307.85	15.51	0	3.7
308.38	15.32	1.7	0
308.92	16.09	0	0
309.45	15.9	0	0
309.98	15.86	0	0
310.51	16.12	0	0
311.05	16.31	0	0
311.58	16.28	0	1.6
312.11	15.97	1.4	2.1
312.65	15.76	0	0
313.18	15.99	0	1.5
313.71	15.88	0	2
314.25	16.06	0	0
314.78	15.92	0	1.4
315.31	16.28	2.1	2.3
315.85	16.27	0	2.2
316.38	16.31	0	2.4
316.91	15.81	1.1	2.1
317.45	15.47	0.7	3
317.98	16.16	0	3.3
318.52	16.2	0	5.6
319.05	14.48	0	4.1
319.59	13.94	0	2.6
320.13	14.1	0	0
320.66	15.25	0	1.8
321.2	15.83	0	1.8
321.74	17.17	0	0
322.27	16.37	2.7	0
322.81	16.95	0	1
323.34	16.77	0	0
323.88	17.23	0	0
324.42	17.31	0	0
324.95	16.57	0	0
325.49	16.1	0	0
326.02	17.31	0	1.5
326.56	18	0	0
327.1	16.55	0	1.2
327.65	17.26	0	1.5
328.21	17.19	1.5	2.7
328.77	17.29	1.6	2.2
329.33	17.59	1.3	4.7
329.89	16.95	2.1	2.9
330.44	17.4	2.9	4.5
331	17.13	5.8	6.5
331.56	16.73	5.2	6.8
332.12	16.49	8.6	9.2
332.67	14.93	9.8	14.2
333.23	14.48	16.4	21.7
333.79	13.27	15.2	26
334.35	13.35	11.5	21.6
334.9	12.01	9.9	39.9
335.46	11.99	12.4	26.3
336.02	11.67	9	22.8
336.58	9.93	13.4	46
337.13	9.45	13	43
337.69	8.88		
338.25	9.94	10.4	19.3
338.76	10.66	16.8	16.9
339.2	10.48	13.9	18
339.65	11.94	11	15.6
340.09	12.59	2.1	8.3
340.54	12.54	2.1	8.2
340.99	12.75	2	9.6
341.43	12.83	1.8	7.6
341.88	13.33	2.4	0
342.33	12.58	2.2	7.3
342.77	13.89	3.7	12.2
343.22	13.74	4.7	8.7
343.66	14.23	2.3	8.9
344.08	14.51	2.4	11.3
344.5	14.3	0	11.5
344.92	14.48	1.5	0
345.33	13.48	3.6	0
345.75	13.94	1.5	10.3
346.17	12.35	1.6	6.6
346.59	12.93	1.6	10.4
347.01	12.78	2.3	6.1
347.43	12.69	3.7	6.4
347.8	14.92	1.8	5.6
348.17	15.26	2.5	6.4
348.54	15.03	4.1	9.1
348.91	15.77	2.5	5.3
349.28	13.79	2.7	0
349.66	14.57	2	5.4
350.03	13.79	4.1	5.2
350.4	13.72	3.8	7
350.77	14.2	3.5	0
351.14	14.04	3.8	5.3
351.51	14.64	8.4	12
351.89	14.57	8.1	6.5
352.26	15.29	12.1	11.9
352.63	12.85	6.4	9.8
353	14.6	7.3	8.6
353.37	14.05	9	11.9
353.75	15.48	11.3	12
354.12	14.63	19.7	18.5
354.49	12.34	19.9	14.7
354.86	11.04	35.1	25.8
355.23	11.95	38.2	18.3
355.6	8.62	27.3	0
355.98	10.15	26.2	19.2
356.35	9.01	27.5	27.2
356.72	11.14	26.5	22.1
357.09	8.66	35.9	22.8
357.46	7.98	52.2	0
357.83	9.7	45.3	21.9
358.21	9.6	41.7	14
358.58	9.44	31.1	18.7
358.95	10.55	11	13.5
359.32	11.47	17	0
359.69	13.54	5.4	5.3
360.07	11.61	5.1	5.2
360.44	12.27	5.1	4.8
360.81	12.41	5.6	6.9
361.18	12.28	2.8	5.6
361.55	12.57	2.8	5.9
361.92	11.59	4.3	4.5
362.3	12.25	3.2	6
362.67	12.94	3.6	3.9
363.04	13.17	2	3.7
363.41	13.2	1.8	4.2
363.78	12.72	2.4	0
364.15	12.44	1.4	5.9
364.34	12.79		
364.53	13.31	3.4	3.3
364.71	13.36		
364.9	13.56	1.8	0
365.08	12.99		
365.27	12.65	2.6	4.7
365.46	13.01		
365.64	12.39	3.5	0
365.83	12.76		
366.01	12.34	1.6	4.3
366.2	12.92		
366.39	12.97	3.5	2.9
366.57	13.46		
366.76	13.59	8.4	3.6
367.13	13.16	3.3	8.8
367.5	12.835	3.2	4.3
367.87	13.835	3.6	3.1
368.24	13.485	4.6	4.2
368.62	14.195	2.4	3.4
368.99	14.445	2.9	2.5
369.36	14.77	1.7	4.4
369.73	14.49	3.1	4
370.1	14.87	1.8	0
370.47	15.57	0.7	1.8
370.85	15.8	1.6	2.2
371.22	14.71	2.8	2.1
371.59	16.18	1.5	0
371.96	15.39	2.5	2.7
372.33	16.2	1.1	2
372.7	14.9	2.5	0
373.08	16.26	1.4	1.8
373.63	16.03	2	0
374.01	16	2.1	0
374.38	15.44	2.9	3
374.75	15.72	3.3	0
375.12	13.82	2.6	0
375.49	14.16	2.1	2.2
375.86		0	0
376.24	14.7	1.5	0
376.61	14.17	0	1.4
376.98	15.01	1.3	1.2
377.35	15.63	1.3	1.9
377.72	15.81	1.3	1.7
378.12	15.93	0	0
378.54	16.06	1.4	0.9
378.96	14.75	0	0
379.38	15.83	1.3	1.1
379.8	14.57	1.7	1.5
380.42	16.01	0	1.4
380.84	16.58	1.5	1
381.26	16.67	1.1	1.3
381.68	16.12	0	1.1
382.1	16.25	0	0
382.51	17.17	0.9	1.2
382.93	17.52	0	0
383.35		0	1.6
383.77	17.39	1.4	0
384.19	16.58	1.8	2
384.61	15.86	1.5	2.7
385.02	14.32	4.8	0
385.44	15.84	0.8	1.9
385.86	15.91	1.1	1.2
386.28	15.82	0	0
386.7	16.72	0.7	1.3
387.11	16.83	0	2.1
387.74	16.64	0	0
388.16	17.4	0	0
388.58	17.3	0.7	0
389	16.67	1.2	0
389.41	15.26	1.4	2.7
389.83	14.12	1.9	3.2
390.25	13.08	1.7	4.2
390.67	12.49	1.9	0
391.09	12.53	0	0
391.51	13.08	1.8	4.4
391.92	16.03	0	0
392.34	16.21	0	1.1
392.76	15.2	0.7	0
393.18	16.48	0	0
393.6	16.32	0	1.1
394.01	16.28	0	1
394.43	15.82	0	0.9
394.85	16.93	0	1
395.48	16.11	0	1.1
395.9	16.18	0	0.8
396.32	17.36	0	1.2
396.73	17.35	0	0
397.15	17.16	0	0
397.57	17.45	0	1.5
397.99	18.04	0	0
398.41	18.6	0	1.6
398.82	17.05	0	0.5
399.24	18.25	0.5	0.7
399.66	18.2	0	0.7
400.08	17.59	0	0
400.5	18.81	0	1.3
400.92	18.54	0	0
401.33	17.87	0	0.4
401.75	18.21	0	0
402.17	18.16	0	0.7
402.59	20.09	0	1
403.22	19.21	0	1.3
403.63	18.33	0.4	1.1
404.05	18.37	0.2	0.8
404.47	19.07	0	0.6
404.89	18.69	0	0
405.31	18.53	0	0.6
405.73	19.65	0	0.8
406.14	18.91	0	0
406.56	18.32	0	0.9
406.98		0	0
407.4	18.01	0.9	0
407.82	20	0.8	0
408.23	17.98	0	1
408.65	18.33	0	0
409.07	18.35	0	0
409.49	18.46	0.8	0
409.91	17.61	0	0.6
410.32	18.07	0	0.9
410.95	16.54	0.7	0.8
411.37		0	0.9
411.79	16.32	0	0.6
412.21	16.48	1.2	1.3
412.62	16.36	0	1.1
413.04	15.98	0	0
413.46	17.72	0	1.1
413.88	18.56	0	0
414.3	19.1	0.7	0
414.72	18.8	0	0
415.13	19.14	1	1.4
415.34	18.22	1	0
415.76	18.38	1	0
416.18	18.93	1.7	1.2
416.6	19.04	1.5	1.2
417.02	16.99	0.7	1.6
417.43	18.47	2	0
417.85	18.26	0.8	0
418.27	17.91	1.2	0
418.69	18.08	1.2	0
419.11	17.1	2.3	0
419.32	18.07	2.3	2.2
419.74	17.98	2.6	0
420.15	16.54	1.4	2.6
420.57	18	4.1	0
420.99	16.86	6.4	4
421.41	17.7	6.2	0
421.83	17.19	7.3	3.7
422.24	18.08	10.6	4
422.66	17.7	18.9	4.5
423.08	17.37	15.5	6.9
423.29	16.68	51.8	11.6
423.71	16.81	25.6	8
424.13	14.18	22.7	10.5
424.54	14.09	69	16.5
424.96	15.29	46.2	25
425.38	13.02	61.9	19.9
425.8	9.65	50.1	21.8
426.22	10.3	20.9	19
426.63	11.06	54.9	40
427.05	9.23	39.5	22.3
427.47	9.89	7	22.9
427.89	8.03	6.8	27.1
428.31	8.57	2.4	16.3
428.73	10.88	7.5	14.1
429.14	7.65	21.2	15.4
429.56	11.51	5.8	9.1
429.98	11.96	3.9	10.5
430.4	11.87	4.8	15.2
430.82	11.56	8.4	16
431.24	11.53	7.4	13.9
431.65	14.05	5.1	10.9
432.07	11.76	9.8	17.1
432.49	12.08	8.7	12
432.91	11.58	14.7	21.3
433.33	12.38	11.8	0
433.74	9.89	24.8	20.7
434.16	10.04	17.3	24.1
434.58	8.04	24.6	21.1
435	7.88	24.3	26.6
435.42	11.29	13	15.6
435.84	9.71	15.6	14.2
436.25	12.22	4.7	10.1
436.67	11.99	1.9	11.9
437.09	11.17	3.4	12.4
437.51	10.29	2.3	20.3
437.93	9.3	4.8	15.5
438.35	8.91	3	14.4
438.76	10.44	1.3	7.5
439.18	10.52	2.6	8.3
439.6	10.03	1.5	7.7
440.02	10.89	0	7.2
440.44	10.52	0	0
440.85	11.14	0	0
441.27	10.84	1.2	0
441.69	10.92	0	0
442.11	11.33	0	5.8
442.53	10.79	0	6.8
442.95	11.45	0	0
443.36	11.69	0	0
443.78	11.84	1.5	9.5
444.2	12.48	2.3	9.8
444.62	12.12	2.3	7.8
445.04	11.53	1.5	0
445.45	11.77	2.5	0
445.87	11.96	0	8.2
446.29	13.4	2	0
446.71	13.17	1.7	7.8
447.13	13.38	0.9	5.3
447.54	13.52	3.4	9.9
447.96	13.67	3.1	11.1
448.38	13.86	4.4	11.9
448.8	13.21	19.2	9.5
449.22	12.43	1.9	11.1
449.64	13.69	2.5	9.6
450.05	13.42	3.8	12.6
450.47	15.18	3.2	13.8
450.89	14.35	1.8	13.8
451.31	14.08	6.7	15.4
451.73	13.26	5.5	20.8
452.15	11.06	7.3	17.8
452.56	11.45	6.1	15.3
452.98	11.02	7.6	14.9
453.4	10.56	14.3	13.6
453.82	11.47	3.1	11.5
454.24	11.62	7.7	19.3
454.66	12.45	4.8	11.3
455.07	11.57	8.2	21.1
455.49	9.54	8	23.8
455.91	10.3	11.5	18.2
456.33	9.62	4.1	16.2
456.75	11.89	2.7	17.3
457.16	12.62	2	11.1
457.58	12.96	6.5	11
458	13.33	1.9	12.5
458.42	12.7	1.9	10.3
458.84	14.91	0	9.7
459.26	14.47	3	6.5
459.67	13.93	2.7	16
460.09	13.17	1.7	22.1
460.51	11.29	3.4	22.7
461.14	11.88	2.3	10.4
461.77	11.28	0	9.8
462.18	11.6	1.2	11.7
462.81		2.7	15.3
463.44		0.9	4.9
463.86	11.65	0.8	5.8
464.27		0.7	3.8
464.69	12.03	0	5.7
465.11	12.29	1	3.2
465.53	12.3	1.1	5
465.74	12.01	1.3	3.3
466.15	12.83	0	2.9
466.57	12.59	1.2	4.7
466.99	13.41	1.9	0
467.2	14.22	3.5	6.2
467.62	13.67	1.6	6
468.04	15.16	1.3	7.2
468.25	15.09	4.5	8.6
468.66	14	2.7	10.2
469.08	11.24	4.4	11
469.5	10.23	2.5	11.8
469.92	10.81	0	11.5
470.34	10.03	1	10.9
470.76		2	6
471.38	11.41	1.8	10.7
471.8	10.42	1.2	8.6
472.22	11.76	1.2	7.3
472.64	12.2	1	6.9
472.85	12.45		
473.05	13.34	1.4	7.5
473.23	13.83		
473.42	13.54	0	8.2
473.6	13.71		
473.79	13.54	0	4.8
473.98	13.79		
474.16	12.54	0	3.1
474.35	13.93		
474.53	15	0	4.4
474.72	12.93		
474.91	15.69	0.6	2.3
475.09	15.59		
475.28	14.94	0	3.8
475.46	17.27		
475.83	16.16	1.7	4.9
476.21	14.56	1.2	3.7
476.58	14.71	1.4	4.5
476.95	13.77	2.1	5.8
477.32	13.815	0	5.5
477.69	13.79	0	3.8
478.06	13.455	0	4.3
478.4	12.73	0	4.1
478.73	12.82	0	4.4
479.06	12.62	0	3.8
479.4	15.57	0	1.1
479.73	15.14	0	1.6
480.07	16.5	0	2.3
480.4	16.52	0	2.3
480.74	14.46	0.9	2
481.07	14.89	0	2.3
481.41	13.67	0	2.7
481.74	13.58	0	2
482.08	13.39	0	1.5
482.41	13.67	0	1.5
482.74	13.51	0	1.4
483.08	13.73	0	1.2
483.41	13.46	0	0
483.75	15.8	0	1.2
484.08	14.36	0	1
484.42		0	1.5
484.75	16.58	0	1.4
485.09	15.19	0	1.2
485.42	14.42	1.8	1.4
485.76	14.89	0	1.7
486.09	14.95	0	1.7
486.43	14.98	1.8	1.7
486.76	16.2	0	1.7
487.09	15.97	1.1	1.4
487.43	16.25	1.2	2
487.76	14.09	1	1.4
488.1	16.8	0	1.2
488.43	15.75	0	2.2
488.77	16.9	1.4	1.9
489.1	15.21	5.6	1.8
489.44	16.7	1.4	1.7
490.11	16.59	3.9	0
490.44	16.93	2	1.9
490.77		0	0
491.11	17.9	0	0
491.44	17.75	0	1.1
491.78	18.83	0	1.3
492.11	17.85	0	1.2
492.45		0	0.9
492.78	18.84	0	0
493.12	17.65	0	0.6
493.45	15.68	0	0.9
493.79	18.48	0	0
494.12	17.09	0	0
494.45	17.98	0	0
494.79	16.85	0	0
495.12	16.69	0	0
495.46	17.52	0	0
495.79	16.23	0	0.7
496.13	17.6	0.5	0
496.46	17.57	0	0.9
496.8		0.6	1.2
497.13	17.29	0	0
497.47	19.94	0.9	0.8
497.8	18.3	0.7	0
498.13	17.87	0	0
498.47	17.4	0	1.1
498.8	17.44	0	0
499.14		1.4	1.5
499.47	17.09	0	1
499.81	16.01	0.6	1.2
500.14	17.05	0.2	0.7
500.48	17.46	0.6	2.2
500.81	16.01	1.1	1.6
501.1	16.98	0	0
501.38	16.42	0	1.4
501.66	16.42	0	1.6
501.94	18.21	1.6	1.4
502.2	20.16	0.9	0
502.42	17.81	1.4	1.8
502.64	16.6	1.8	0
502.87	16.53	1.5	1.5
503.09	16.74	3.5	2.2
503.31	16.68	2.6	2.8
503.54	15.37	2	2
503.76	15.51	1.2	0
503.98	15.94	2.1	2.5
504.2	15.82	2.3	2.8
504.43	16.1	4.2	3.2
504.65	16.73	3.3	2.7
504.87	15.99	3.7	2.9
505.1	15.66	0	5.1
505.32	15.61	4.2	4
505.54	16	3.9	3.7
505.77	16.14	5	4.1
505.99	16.1	5.5	5.7
506.21	16.1	5.2	4.1
506.43	14.76	4.8	4.2
506.66	15.36	4.3	4.3
506.88	14.5	5.3	3.8
507.1	13.96	4.1	3.5
507.33	16.99	4	3.2
507.55	16.46	3	3.6
507.77	16.65	3.2	3
508	16.84	2.8	3.3
508.22	16.3	3.2	2.8
508.44	16.07	2.3	3.4
508.67	16.22	3.2	3
508.89	16.49	1.8	2.4
509.11	15.19	2.6	2.8
509.33	15.33	4.5	2.4
509.56	14.74	2.2	4
509.78	14.05	1.4	2.7
510	14.16	1.7	3
510.23	14.13	1.1	2.8
510.45	15.24	0	2.5
510.67	16.23	1.4	1.8
510.9	16.37	2.4	1.6
511.12	16.84	1.4	1.5
511.34	16.74	1.3	2.6
511.56	16.41	1.1	2.1
511.79	16.95	1.5	1.6
512.01	16.72	1.3	1.8
512.23	17.37	0.9	1.9
512.46	17.08		
512.68	17.23	0	0
512.9	17	0	0
513.13	17.59	0	1.9
513.35	16.69	0	1.6
513.57	16.94	1.4	1.7
513.8	16.86	0.8	1.6
514.02	17.04	0	1.4
514.24	17.32	1.6	0
514.46	17.04	0	2.4
514.69	16.74	0.9	0
514.91	17.62	1.4	2.4
515.13	17.94	1.3	0
515.36	17.48	1.8	2.2
515.58	16.92	1.1	2.2
515.8	16.43	2	2.2
516.03	17.44	1.8	1.6
516.25	16.57	1.7	0
516.47	17.28	1.3	0
516.69	17.43	2.1	0
516.92	16.63	1.4	1.7
517.14	16.77	0	2.5
517.36	16.94	1.5	2.2
517.59	16.71	1.2	1.4
517.81	17.12	2.2	2.1
518.03	16.86	1.1	1.8
518.26	17.21	0	0
518.48	17.15	1.9	1.5
518.7	17.16	1.6	0
518.93	16.78	0	2.2
519.15	16.97	0.9	1.4
519.37	16.32	1.9	0
519.59	16.56	2.4	1.2
519.82	17.38	1.7	1.5
520.04	16.89	1.8	0
520.26	16.72	0.8	1.8
520.49	16.4	1.9	1.5
520.71	17.21	2.6	0
520.93	16.75	1.7	0
521.16	17	1.3	1.2
521.38	17.77	0.9	0
521.6	16.79	0.8	0
521.82	17.54	0.7	1.5
522.05	17.9	1	1.6
522.27	16.57	1	1.3
522.49	16.93	0.8	1.8
522.72	17.44	0	0
522.94	16.68	1.9	1.9
523.16	16.43	0	1.7
523.39	16.99	0.7	1.4
523.61	16.73	2	1.3
523.83	16.98	1	0
524.06	16.78	1.1	1.7
524.28	17.16	2.1	2
524.5	17.16	7.1	2
524.72	17.14	1.6	1.9
524.95	16.98	2.7	1.9
525.17	17.06	2	2.5
525.39	17.03	3.1	0
525.62	17.26	2.8	2.6
525.84	16.82	1.5	2.8
526.06	16.9	1.8	2.4
526.29	17.07	2.9	0
526.51	16.62	3.1	0
526.73	15.85	2.4	3.2
526.95	15.63	2	0
527.18	15.4	1.9	2.5
527.4	15.55	0	2.8
527.62	15.97	2.8	2.3
527.85	15.85	1.7	0
528.07	16.39	1.4	2
528.29	16.49	1.5	2
528.52	16.88	2.2	3.2
528.74	16.68	1.5	0
528.96	15.69	3.6	2.9
529.19	16.43	1.3	0
529.41	16.59	2.4	2.6
529.63	16.52	1.8	2.7
529.85	16.75	4.2	4
530.08	15.99	1.7	2.9
530.3	16.26	0	3.4
530.52	16.03	2.5	2.9
530.75	16.14	0	0
530.97	16.56	1.6	3.2
531.19	16.03	2.2	3.2
531.42	16.45	1.6	4.1
531.64	16.84	2.1	3.5
531.86	16.75	2.4	2.9
532.08	16.25	3.4	3.2
532.31	16.04	3.4	2.8
532.53	16.49	1.7	3.1
532.75	16.1	2.6	3.4
532.98	16.53	3.1	14.2
533.2	16.48	3.2	5.9
533.42	16.06	4.8	0
533.65	16.44	8.9	4.6
533.87	16.19	4.8	4.9
534.09	16.31	4.5	0
534.32	14.38	2.5	8.9
534.54	13.62	5.1	5.3
534.76	14.79	8.3	6.8
534.87	11.98		
534.98	14.19	5.6	7.7
535.1	12.05		
535.21	14.43	5.4	11.5
535.32	12.8		
535.43	14.16	2.6	6.4
535.54	11.19		
535.65	12.85		
535.77	11.83		
535.88	11.69		
535.99	12.79		
536.1	11.71		
536.21	12.41	1.8	8.2
536.32	11.76		
536.43	13.74	2	8.1
536.55	12.06		
536.66	14.26	1	7.2
536.77	12.49		
536.99	13.565	3	6.3
537.21	13.79	1.3	6.1
537.44	13.76	1	8
537.67	14.39	1.8	8.7
537.95	15.07	4.2	7.5
538.23	15.13	3.2	6.5
538.5	14.7	2.5	7.6
538.8	14.38	2.1	6.2
539.09	15.57	1.2	5.8
539.6	15.96	1.6	5
539.93	15.57	0	6.9
540.27	15.66	1.6	5.6
540.6	14.73	0.9	4.7
540.93	16.05	1.1	5.3
541.27	15.89	1.2	5
541.6	17.42	0	8.4
541.94	16.04	0.7	4.3
542.44	15.75	1	5.6
542.78	16.31	2.3	5.8
543.15	16.44	0	5.8
543.53	16.36	1.9	7.2
543.9	17.16	0	5.2
544.27	15.72	2	7.6
544.64	16.3	2	7.5
545.01	16.22	1.1	8.1
545.4	16.31	1.3	5.1
546.03	16.38	1.4	7.8
546.45	16.11	3	6.7
546.87	16.38	1.6	9.5
547.28	16.54	1.8	8.8
547.7	16.45	3.1	8.1
548.12	16.81	2.2	9.8
548.54	16.28	3.2	10.5
548.96	16.49	2.8	11.3
549.37	15.99	3	11.8
550	15.09	2.3	11.9
550.42	15.69	4.2	11.2
550.84	14.23	3.7	10.5
551.26	14.57	4.5	12.2
551.67	14.29	2.6	7.1
552.09	15.2	1.9	9
552.51	15.05	2.2	8
552.93	14.93	1.8	7.7
553.56	15.9	1.9	6.4
553.98	15.94	1.4	5.5
554.39	16.76	1.1	6.3
554.81	15.03	1.3	5.4
555.23	15.02	2.1	5.7
555.65	16.94	1.2	5.8
556.07	16.81	1.6	10
556.48	16.18	1.9	8.5
556.9	13.63	1.5	8.1
557.53	15.42	3	7.2
557.95	15.25	2.1	6.3
558.37	14.93	2.6	6.7
558.79	14.9	1.4	6.1
559.2	15.05	3.7	7.2
559.62		4.1	6.3
560.04	14.42	1.5	6.5
560.46	14.37	1.9	6.8
561.09	14.12	3.2	6.9
561.5	13.34	2.2	5.1
561.92	12.21		
562.34	13.67	3.7	8.3
562.76	14.28	2.7	6.1
563.18	13.39	3.2	7.7
563.59	14.99	5.3	7.4
564.01	15.04	5.5	8.3
564.43	13.26	4.5	9.1
565.06	16.73	3.7	7.9
565.48	16.58	3.9	8
565.89	15.01	4.2	6.9
566.31	15.69	3.4	8.7
566.73	16.63	5.2	8.8
567.15	14.91	3.3	8.8
567.57	16	2.3	8.5
567.98	16.84	3.5	8.5
568.4	16.62	1.9	8.6
569.03	15.64	2.5	8.9
569.45	15.73	2.9	9.4
569.87	14.94	3.3	9.3
570.28	16.21	2	6.6
570.7	14.43	2	6.3
571.12	15.44	0	4.7
571.54	14.38	0	3.8
571.96	13.8	1.4	3.3
572.17	15.6	0	3.4
572.59	16.8	0	4
572.79	16.43	0	3.9
573.21	16.91	0	2.5
573.63	18.25	1	4
573.84	15.01	0	3.6
574.26	17.77	0	3.1
574.47	15.77	0.7	4.1
574.89	16.47	0	2.1
575.3	18.71	0	4
575.51	18.55	1.4	4.1
575.93	17.75	3.4	4.1
576.14	16.16	1.8	4.4
576.56	16.76	3.4	6.7
576.98	17.84	5.4	6.1
577.19		4.1	6.8
577.6	17.55	2.9	7.4
577.81	16.48	2.5	6.1
578.23	17.42	6.4	8.6
578.65	17.65	3.3	8.5
578.86	16.4	8.2	9.6
579.28		9.9	15
579.7	12.43	8.9	15.2
580.11	13.09	9.1	16.5
580.53	13.84	7.4	14.8
580.95	11.94	4.9	12.7
581.37	12.29	5.5	14.3
581.79	12.39	3.2	12.7
582.21	15.98	3.8	9.4
582.62	15.11	4.1	10.1
583.25	13.25	6.4	9.6
583.62	14.1	4.3	8.7
584	15.5	3.1	10.3
584.37	14.11	5.4	9.4
584.74	13.52	1.9	7.7
585.11	15.53	1.2	5.3
585.48	15.86	3.6	5.4
585.86	16.01	1.7	5.5
586.23	17.59	1.8	5.4
586.6	16.07	1.5	5.8
587.16	17.62	1.9	3.7
589.39	15.22	4.6	11.4
589.76	18.75	5	8.6
590.13	15.24	8.7	10.6
590.5	15.17	3.1	9
591.06	13.87	3.7	7.2
591.43		4.1	6.8
591.8	17.06	3.7	5.5
592.17	17.69	3.6	5.9
592.55	16.81	2.9	7.8
592.92	17.58	3.6	6.8
593.29	16.59	4.1	7.1
593.66	17.11	2.9	8
594.03	18.83	3.6	7.1
594.41	17.2	5	7.8
594.96	16.74	3.6	7.9
595.34	16.66	3.3	8.9
595.71	16.39	3.9	7.7
596.08	15.11	4	9
596.45	16.01	2.9	8.6
596.82	16.15	2.6	6.4
597.19	16.24	4.2	8.2
597.57	16.19	3	7.3
597.94	16.3	4.3	6.3
598.31	15.95	3	7
598.87	16.54	2.9	5.9
599.24	16.25	3.7	6.2
599.61	17.29	2	8.9
599.98	16.76	4.9	6.1
600.35	16.87	3	6
600.73	16.68	4.3	5
601.1	16.58	4.2	5.3
601.47	17.43	6.2	5.3
601.84	16.36	2	5.7
602.21	16.37	1.6	5.4
602.77	17.04	2.5	4.8
603.14	16.38	2.1	4.9
603.51	16.28	2	5.5
603.88	17.45	2.5	4.3
604.26	17	2.1	4.3
604.63	17.33	2.5	5.5
605	18.12	0	5.4
605.37	16.99	1.5	4.4
605.74	17.82	0	5.8
606.12	17.25	0.9	5.7
606.53	17.46	1.3	3.6
607.16	18.2	0	5.5
607.58	17.1	2.9	3.3
608	17.83	1.1	4.7
608.42	18.46	1.4	4.3
608.84	18.24	1.7	4.3
609.25	18.5	1.4	5
609.67	19.07	0	5.2
610.1	19.15	2.9	2.9
610.33	19.14	2.2	5.7
610.77	18.85	1.7	3.5
611.22	20.2	2.2	5.9
611.44	18.42	1.5	4.8
611.89	18.14	2.8	4.3
612.33	18.13	4.2	5
612.78	17.02	6.1	6.6
613	18.07	3.8	7.8
613.45	17.41	3.2	8.9
613.89	16.75	6.4	7.9
614.12	16.69	8.3	9.1
614.56	17.53	7.9	9.3
615.02	17.4	7.3	13.4
615.57	17.27	15.6	12
615.85	16.81	8.9	9.7
616.41	17.66	11.9	12.6
616.97	16.69	17.6	15.6
617.25	18.26	18.4	37.3
617.8	16.31	28.5	23.9
618.36	16.23	17.4	21.1
618.95	16.28	27.8	36.2
619.3	16.41	27.4	23.2
620	16.5	42.7	27.9
620.69	16.07	35	31.5
621.04	16.45	39	31
621.74	16.5	34.1	65.4
622.44	15.76	61.4	33.1
623.13	16.94	43.1	34.5
623.48	16.17	51.1	41.9
624.18	14.75	52.4	48.3
624.88	14.53	92.7	57.1
625.23	14.74	77.6	41.4
625.92	14.48	75.1	60.2
626.62	13.96	67.3	68.2
627.32	14.8	138.3	64.1
627.66	14.24	97.3	54.3
628.36	11.09	168.2	69.1
629.06	13.19	170.4	95.2
629.41	13.89	87	51.5
630.1	14.47	92.7	81
630.8	14.64	107.4	83.6
631.49	15.08	16.7	53.8
631.77	14.79	3.6	42.3
632.33	15.23	3.7	32
632.89	15.34	10.1	31.7
633.44	15.11	13.4	32.7
634	15.26	0	26.7
634.56	15.86	7.2	31.5
634.84	15.69	8.2	34.2
635.4	15.31	12.9	21.3
635.95	15.88	15	20.8
636.51	16.13	11.2	19.9
636.96	14.98	11.6	24.2
637.41	15.67	26.1	25
637.63	16.58	11.1	18.4
638.08	16.07	14.5	26.4
638.52	15.67	12.4	26.8
638.97	15.34	11.6	26.6
639.42	15.18	2.8	14.3
639.86	14.97	27.2	38.5
640.31	14.94	23	30.8
640.53	13.45	34.2	23.9
640.98	14.15	16.1	28
641.42	14.83	17	33.4
641.87	14.84	26.5	30.9
642.32	16.31	33.2	30
642.76	17.23	31.3	32.5
642.98	15.72	24.7	40.2
643.43	15.39	32.4	33.4
643.88	14.78	31.8	32.8
644.32	14.57	41.3	29.8
644.77	15.23	34	28.2
645.21	14.43	24.8	20.6
645.44	15.78	4.8	14.5
645.88	14.84	0	15.4
646.33	16.57	8.4	17.3
646.78	14.64	0	13.3
647.22	14.63	2.3	16.9
647.67	14.61	3.1	23.8
647.89	14.88	7.3	16.1
648.34	15.66	8.5	15.5
648.78	15.24	6.4	18.3
649.23	15.39	5.8	21.2
649.68	15.1	7.2	19.5
650.12	13.4	11.8	17.9
650.57	16.11	11.8	23.2
651.01	14.66	8.5	20.2
651.46	13.65	0	20.3
651.9	13.53	3.4	21.2
652.52	15.1	0	17.2
652.94	14.09	1.85	15.55
653.36	15.26	7.1	15.9
653.78	14.745	0	14.4
654.2	14.68	0	16.5
654.41	14.84		
654.61	11.45		
654.82	13.3	3.3	14.1
655.03	13.5	0	12
655.24	12.81	0	11.5
655.45	13.28	0	13.2
655.65	13.41	1.9	13.6
655.83	12.3	0	14.7
656.21	13.85	0	13.6
656.58	14.2	0	13.7
656.95	15.21	0	15.1
657.32	14.68	0	14.2
657.69	14.01	1.4	15.3
658.06	14.89	0	15
658.44	15.22	0	18.8
658.81	16.31	0	21.6
659.18	14.4	4.7	22.9
659.55	16.61	3.1	21.1
659.92	13.76	0	19.2
660.3	14.75	0	19.8
660.67	16.61	0	20.3
661.04	13.99	0	14.5
661.41	14.22	2.2	23
661.78	13.44	0	17.1
662.15	14	0	16.1
662.52	15.37	0	20.1
662.9	13.71	0	14.3
663.27	13.71	2.6	19.9
663.64	13.95	0	14.8
664.01	14.81	0	17.4
664.38	15.44	0	19.7
664.76	15.38	0	20.3
665.13	13.7	6.2	25.6
665.5	14.78	0	26.4
665.87	14.85	6.9	23.1
666.24	15.57	0	24.2
666.61	14	0	24.2
666.99	12.61	10.3	22
667.36	13.48	0	21.6
667.73	13.91	0	29.7
668.1	14.68	0	20.8
668.47	15.03	0	17.8
668.85	13.64	4.9	21.8
669.22	13.57	8.9	18.3
669.59	14.31	0	20.6
669.96	14.45	0	27
670.33	14.96	0	25.1
670.7	12.77	6.3	29.4
671.08	13.69	8.9	26.3
671.45	14.36	0	22.4
671.82	14.81	0	20.4
672.19	13.34	0	17.5
672.56	13.42	4.3	17.4
672.93	13.44	0	13.7
673.31	13.32	0	15.9
673.68	15.79	0	15.9
674.05	15.11	5.5	17.3
674.42	15.15	4.4	20.2
674.79	15.01	8.5	22
675.16	14.9	7	22.4
675.54	13.94	7.2	17.5
675.91	10.34	6.3	17.5
676.28	11.31	0	15.6
676.65	11.79	4.1	12.5
677.02	12.09	4.6	12.4
677.39	12.03	0	11.6
677.77	12.45	0	12.8
678.14	13.08	5.9	14.1
678.51		0	13.4
678.88	14.15	0	15.1
679.25	13.89	10.7	16.6
679.63	12.45	4.1	12.1
680	12.92	8	13.1
680.37	15.14	4.8	7.8
680.74	13.52	0	10.1
681.11	14.71	3.9	14.1
681.48	14.16	0	8.7
681.86	14.09	2.5	9.1
682.23	15.24	0	10.1
682.6	16.25	0	9.5
682.97	17.45	0	9.8
683.34	16.63	0	10.6
683.71	16.25	2.4	11.3
684.09	16.75	0	10.4
684.46	17.1	0	10
684.83	15.39	0	16.7
685.2	14.61		
685.57	14.14	2.8	13.6
685.95	13.79		
686.32	14.42	0	12.1
686.69	14.13	0	15.5
687.06	13.78	0	11.7
687.43	15.92	2	12.1
687.8	15.56	3	11.5
688.17	15.88		
688.55	16.41	0	10.3
688.92	15.78	0	6.4
689.29	17.16	0	4.6
689.66	15.41	0	3.8
690.03	15.72	0	0
690.41	17.82	0	0
690.78	15.4	0	0
691.15	14.87	3.8	3.2
691.52	16.09	0	0
691.89	14.95	0	0
692.26	17.6	3.1	3.3
692.64	17.45	0	2.4
693.01	17.7	0	0
693.38	17.03	0	0
693.75	17.72	0	4
694.12	17.84	0	2.9
694.5	17.23	0	0
694.87	17.01	1.8	2.9
695.24	15.86		
695.61	17.42	0	0
695.98	17.76	0	3.2
696.35	16.19	0	0
696.73	17.88	1.8	3.4
697.1	17.66	0	0
697.47	17.41	0	0
697.84	18.01	0	0
698.21	18.21	0	0
698.58	19.08	2.1	3.9
698.96	18.12	0	2.6
699.33	18.79	0	0
699.7	18.47	0	0
700.07	18.77		
700.44	18.21	2.3	2.9
700.81	18	0	0
701.19	17.28	0	0
701.56	18.12	0	2.7
701.93	18.68	0	4.2
702.3	19.7	2.7	4.1
702.67	17.6	1.8	3.2
703.04	18.74	0	4.6
703.42	17.46	0	0
703.79	17.93	0	5.2
704.16	16.33	3.2	5.5
704.53	17.85	0	8.3
704.9	18.87	0	7
705.28	18.08	0	4.8
705.65	17.88	0	8.2
706.02	16.98	4.2	7.8
706.39	17.54	3.7	7.7
706.76	17.97	0	8
707.13	17.87	3.8	9.8
707.51	17.45	4.5	10.3
707.88	16.34	6.9	13.1
708.25	15.74	0	14.6
708.62	16.22	5.9	20.6
708.99	16.14	8.8	29
709.36	13.87	0	33.6
709.74	12.23	6.2	39
710.11	12.51	9.9	46.8
710.48	10.76	7.9	59.8
710.85	11.42	0	64.4
711.22	10.38	11.6	60.2
711.6	11.76	7.6	57.8
711.97	9.38	14.4	52.5
712.34	10.3		
712.71	11.93	10.8	42.6
713.08	12.15	35	36.6
713.45	12.55	10.9	37.4
713.82	13.1	11.6	26.6
714.2	12.28		
714.57	12.39	9.8	29.5
714.94	12.25	10.6	34.9
715.31	13.72		
715.68	13.88	0	26.2
716.06	13.67	16.6	24.3
716.43	15.45	0	20.8
716.85	15.43		
717.26		5.6	20.4
717.68	15.52	0	19.4
718.1	15.45	0	17.1
718.52	15.73	0	17.2
718.94	15.54	0	16.6
719.36	15.71	4.7	15.2
719.77	15.8	0	18.5
720.19	15.2	0	13.9
720.61	17.01	0	12.7
721.03	15.5	0	15.4
721.45	15.52	3.5	14.6
721.87	15.63	0	11.8
722.28	15.53	3.8	9.6
722.7	16.78	0	10.5
723.12	15.99	0	7.4
723.54	16.13	3.5	8
723.96	16.15	0	9.4
724.37	15.84	0	6.7
724.79	16.69	4.4	0
725.21	16.27	0	10.5
725.63	16.13	5.1	8.2
726.05	16.55		
726.47	15.96	0	7.2
726.88	16.9	0	6.2
727.3	16.69	0	7.7
727.72	16.38	4.3	7.8
728.14	16.76	6	5.7
728.56	16.45	4.8	7
728.97	17.42	7.6	7.1
729.39	17.61	6	6.4
729.81		4	7.6
730.23	16.93	5.7	5.9
730.65	17.45	6.7	6.7
731.07	17.72	5.8	7.1
731.48	16.95	12	9
731.9	16.86	7.5	9.8
732.32	15.99	7.6	8.9
732.74	16.11	6.7	10.4
733.16	15.48	14.1	9.4
733.57	14.78	10.2	10.3
733.99	17.13	5.2	8.4
734.41	16.6	6.9	9.5
734.83	16.94		
735.25	17.95	0	8.8
735.67	16.81	0	8.7
736.08	17.19	5.6	7.4
736.29	16.55	0	11
736.5	16.67	3.3	8.1
736.71	17.85	6	12.9
736.92	17.07	5.3	8.6
737.13	16.99	0	12.7
737.34	17.62	0	9.7
737.55	16.97	15.3	1.3
737.76	16.91	4.7	9.5
737.97	17.21	5.6	12.5
738.18	15.14	6.7	8.2
738.38	17.26	16.5	15.9
738.59	16.91	6.2	14.2
739.01	16.6	6.25	16.4
739.43	18.115	4.95	16.25
739.85	16.52	6.2	14.3
740.06	17.09	10.7	18.1
740.27	17.67	7.4	17.9
740.68	16.915	7.7	21.15
741.31	15.44	0	32.6
741.52	16.57	8.5	20.7
741.73	13.57	7.9	31.9
741.94	15.88	9.5	23.9
742.36	14.345	3.2	30.75
742.78	14.46	10.1	29.8
742.99	14.81	0	44.3
743.19	14.35	9.4	25.6
743.4	15.04	9.3	24.1
743.61	12.68	14.4	33.5
744.03	13.88	4.8	27.25
744.45	13.61	0	32.9
744.66	13.83	0	25.3
744.87	14.42	4.5	26.3
745.08	14.67	13	23.3
745.28	14.91	0	26.4
745.7	14.37	4.9	23.8
746.12	13.85	4.5	25.35
746.54	12.99	0	21.1
746.96	12.44	3.5	17.6
747.37	13.27	7.8	16.5
748	13.66	3.8	15.6
748.42	14.04	0	19.6
748.84	14.14	8.1	15.3
749.26	14.7	0	15.2
749.68	14.83	0	11.8
750.09	14.93		
750.51	15.55	0	16.9
750.93	14.91	0	13.4
751.35	15.41	0	17.1
751.98	15.26	8.3	16.8
752.39	15.96	3.5	18.6
752.81	15.82	0	16.4
753.23	14.37	4.4	19.3
753.65	14.83	0	16.2
754.07	14.26	4.3	16.8
754.49	15.17	6.5	14.7
754.9	14.38	0	12
755.32	14.98		
755.74	14.62	9.1	20.9
756.16	16.09	0	17.7
756.37	17.17	0	26.6
756.79	14.4	0	17.5
756.99	14.93	0	14.5
757.41	14.8	7.1	19.5
757.83	14.86	0	14.6
758.04	14.8	4.7	15.1
758.46	15.03	0	18.2
758.88	15.76	0	15.6
759.09	14.88	7.8	14.5
759.5	15.57	5.4	11.3
759.71	14.97	4.9	12.3
760.13	16.17	5.1	8.2
760.55	16.47	3.5	11.1
760.76	15.93	5	10.5
761.18	16.04	4.4	9.9
761.8	16.26	8.1	12.9
762.43	16.06	4.6	11.4
763.06	15.3	0	11.4
763.69	16.39	0	9
764.31	18.16	4	9.6
764.73	16.59	4.9	10.6
765.36	17.76	7.8	7.8
765.99		7.9	14.1
766.61	16.45	3	5.7
767.24	16.11	5	5.2
767.87	15.21	6.1	6.6
768.49	15.64	7.5	6.8
769.12	14.89		
769.54	14.45	6.3	6.3
770.17	13.59	5.7	4.8
770.59	15.01	0	4.9
771	15.98	4.9	4.2
771.42	16	0	0
771.84	16.96	0	0
772.26	16.15	0	4
772.68	16.64	0	3.2
773.1	15.85	0	0
773.74	16.3	0	2.3
774.18	16.68	0	0
774.63	16.39	0	2.1
775.08	15.88		
775.52	14.61	0	0
775.97	16.24	0	0
776.42	16.27	0	0
776.86	15.84	0	0
777.53	16.83	0	1.9
777.98	16.57	0	0
778.42	17.21	0	0
778.95	15.92	0	0
779.51	16.16	0	0
780.12	16.32	0	1.9
780.82	16.86	0	0
781.52	16.61	0	0
782.56	16.26	0	0
783.26	17.37	0	2.8
783.96	16.67	1.5	3.4
784.65		0	0
785.35	16.16	0	3.9
786.05	16.24	0	0
786.75	16.49	0	3.7
787.44	15.22	1.8	5.5
788.49	16.26	0	7.1
789.19	13.76	0	17.2
789.88	13.46	0	14
790.58	14.7	0	16.3
791.28	13.63	4.2	18.7
791.97	12.02	5	22
792.64	13.59		
793.19	13.69		
793.98	10.26	0	29.1
794.42	10.69		
794.87	11.19	3.4	17.8
795.32	10.28	2.7	22.5
795.76	13.28	0	17.1
796.21	13.23	0	13.1
796.65	11.8	0	15.6
797.1	13.88	0	13.3
797.55	13.79	0	11.7
797.99	12.96	0	11
798.44	13.44	0	9.9
798.88	12.6	0	10
799.3	12.93	0	8.9
799.72	11.29	0	10.1
799.93	12.77	0	8.2
800.35	12.18	0	7.7
800.76	13	0	7.6
801.18	12.92		
801.6	13.41	2.4	8.7
802.02	12.19	5.6	13
802.44	12.68	0	7.8
802.83	13.34		
803.2	13.48	0	8.4
803.57	13.7	0	7.9
803.95	13.22		
804.32	13.79	0	8.1
804.69	12.63	0	8.1
805.06	12.23	0	9.7
805.43	11.94	0	8.8
805.8	12.64	0	5.7
806.18	12.77	0	7.4
806.55	12.17	0	4.9
806.92	12.19	4.6	7.2
807.29	12.73	0	5.7
807.66	13.55	0	5.6
808.04	13.32	0	5.3
808.41	12.9	0	6
808.78	12.83	3	6.8
809.15	12.74	0	6.2
809.52	12.41	0	5.3
809.9	12.58	0	4.1
810.27	12.94	0	7
810.64	12.76	0	4.9
811.01	13.4	0	5
811.38	12.4	0	6.5
811.75	13.38	0	5
812.12	13.15	0	5.3
812.5	13.61	2.3	9.5
812.87	14.15	0	7.6
813.24	13.55	0	7.3
813.61	13.56	0	5.2
813.98	13.51	0	5.4
814.36	13.46	3.2	5.8
814.73	13.86	0	6.8
815.1	14.17	0	0
815.47	15.75	0	5.8
815.84	13.79	2.2	6.4
816.21	13.45	2.1	5.6
816.59	13.49	0	5
816.96	13.06	0	4.9
817.33	14.28	0	4.3
817.7	14.65	0	5.3
818.07	14.62	0	4.6
818.44	14.81	0	3.6
818.82	14.93	0	3.8
819.19	15.07	0	3.1
819.56	14.94	0	30.2
819.93	14.78	0	2.9
820.3	15.31	0	0
820.71	15.53	0	0
821.13	14.97	0	0
821.55	15.39	0	3.3
821.96	15.55	0	2.7
822.38	15.46	0	0
822.8	15.26	0	2.9
823.22	15.67	0	2.2
823.64	15.85	0	0
824.06	15.67	1.7	2.6
824.49	15.7	0	2.5
824.94	15.74	0	2.9
825.38	15.96	0	3.3
825.83	15.77	0	3.1
826.28	14.7	3.3	5.2
826.72	15.91	18.3	4.2
827.17	16.21	0	4.9
827.61	14.95	7.1	7.3
828.06	14.35	0	7
828.51	16.89	5.9	6
828.95	13.76	4.3	5.2
829.43	16.29	2.8	0
829.99	14.5	0	0
830.55	15.18		
831.1	15.74	2.1	3.1
831.66	15.67	0	0
832.22	15.14	2.4	2.2
832.78	16.12	1.5	3.1
833.33	15.8	0	2.6
833.89	17.93	2	3.3
834.45	16.02	0	3.2
835.01	15.37	0	3.4
835.56	16.58	0	5
836.12	17.13	0	0
836.68	16.72	0	5.2
837.24	16.55	0	4.7
838.07	17.85	0	4.6
838.63	17.21	2.4	6.8
839.19	16.1	0	7.9
839.75	16.23	3.6	10
840.3	15.86	0	7
840.86	15.45	0	1.9
841.42	16.91	0	3.6
841.98	17.12	0	0
842.53	15.99	1.2	4
843.09	16.32		
843.65	17.48	0	0
844.21	17.28	0	4.3
844.76		0	4.5
845.32	16.73	2.3	5.2
845.88	16.75	0	3
846.44	17.13	0	6.1
847.55	17.09	0	0
848.11	17.16	3	4.1
848.67	17.55	0	5.9
849.23	17.51	0	6.9
849.78	15.31	0	5
850.34	16.18	0	4.9
850.9		3.1	6.9
851.46	14.81	4.9	6.8
852.01	15.08	0	5.3
852.57	16.15	0	4.5
853.13	16.37	0	3.6
853.69	15.75	2.3	2.8
854.24	17.26	0	0
854.8	16.47	0	0
855.36	15.86	0	4.8
855.92	16.64	0	0
856.47	16.61	0	3.9
857.03	17.5	0	0
857.59	19.46	0	0
858.15	17.06	0	0
858.7	17.77	0	1.9
859.26	16.67	0	3
859.82	18.16	0	3.9
860.66	17.48	0	3.7
861.21	16.44	0	0
861.77	16.27	0	5.4
862.33	16.37	3.7	9.9
862.89	15.43	0	7
863.44	16.68	5.2	11.8
864	14.97	9	14.8
864.56	12.26		
865.12	14.52	8	17.8
865.68	15.38	10.9	18.9
866.23	11.55		
866.79	11.51	0	19.8
867.35	10.96	13.4	27.7
867.91	11.48	8.3	26.5
868.46	13.42	0	33.7
869.02	12.9	6	31.3
869.58		0	22.3
870.69	14.26	8.5	26.2
870.97		0	16.2
871.53	12.85	6.1	21.6
872.09	13.56	0	30.2
873.2	13.44	5	22.6
873.76	12.08	0	22
874.32	11.93	0	23.8
874.88	12.65	0	15.3
875.99	13.38	0	15.9
876.55	12.61	0	21.1
877.1	13.5	0	16.8
877.62	12.94		
878.29	13.44	0	16.3
878.74	12.07	0	14.5
879.18	12.8	0	17.1
879.63	12.84	0	24.3
880.52	13.01	0	9.2
880.97	13.78	2.9	18.7
881.41		0	22.6
881.86	14.63	0	21.7
882.75	13.2	0	24.1
882.97	15.11	0	24.4
883.42	13.7	4.9	34.7
883.87	14.27	0	18
884.76	10.9	0	84.2
885.2	12.82	0	80.2
885.65	10.89		
886.1	11.36	0	74.3
886.99	10.42	16.3	73.4
887.43	13.34	0	55.7
887.88	12.64	0	47.6
888.33	11.19	0	63.2
889	13.16	0	50.7
889.44	13.45	0	32.2
889.89	11.74	0	28.8
890.33	12.91	0	21
891.23	13.54	4.9	22
891.67	13.47	0	14.3
892.12	12.89	0	20.8
892.56	12.57	0	24.2
893.46	13.7	5.7	17.6
893.68	14.1	0	15.6
894.13	13.76	0	14.2
894.57	14.18	0	7.9
895.46	15.17		
895.91	14.67	6.8	12
896.36	14.2	0	10.2
896.8	14.82	0	8
897.69	15.22	3.3	7.3
898.14	15.48	0	6.9
898.59	15.74	0	5.9
898.81	15.5	3.2	3.9
899.7	15.27		
900.15	15.61	0	3.8
900.59	15.25	3.3	3.1
901.04	15.38	0	4.6
901.93	14.64	2.1	4.6
902.38	16.05	0	3.9
902.82	16.74	3	3.6
903.27	15.72	0	3.8
903.94	15.33	4.7	11.8
904.39	15.53	2.3	7.2
904.83	15.99	0	5.7
905.28	15.32	0	17.7
906.17	13.87	3.2	7.3
906.62	13.48	8	9.2
907.06	13.93	6.1	6.3
907.51	13.86	0	5.1
908.4	14.72	0	5.8
908.85	15.21	0	5.3
909.29	14.96	0	4.5
909.52	15.45	0	4.1
910.41	16.24	3	5
910.85	16.01	0	6
911.3	15.42	0	5.4
911.75	15.89	0	6.8
912.64	15.61	3	10.3
913.08	15.91	0	20.4
913.53	16.44	0	7.9
913.98	16.42	0	12.4
914.87	16.85	6.5	19.2
915.32	15.26	4.3	27
915.76	13.83	0	30.2
916.21	13.59	0	29
917.1	13.01	3.9	34.1
917.55	12.89	0	6.7
917.99	12.84	0	18
918.44	13.12	0	13.9
919.33	12.5	4	22.4
919.78	12.69	0	20.8
920.22	12.76	0	21.1
920.67	12.88	4.8	24.6
921.56	12.37	3	19.2
922.01	12.76	0	27.9
922.45	13.65	10	20.6
922.9	13.62	0	17.3
924.24	13.83	5.8	14.2
924.8	14.44	0	19.6
925.36	14.54	0	15.9
925.92	15.04	3.8	20.2
927.03	13.57	7.2	23.2
927.59	14.36	0	17.6
928.15	13.77	0	18
928.7	13.82	5.6	13.3
929.82	15.2	11.2	17.2
930.38	14.59	6.4	17.8
930.93	14.59	13.1	18.9
931.49	13.29	9.6	18.7
932.61	11.13		
933.16	14.02	8.1	15.4
933.72	14.35	3.6	16.9
934.28	14.92	6.3	11.8
935.39	14	4.4	8.9
935.95	15.72	0	7.1
936.79	15.86	2.9	5.9
937.35	17.4	3.8	6.3
938.46	15.2	4.9	8.7
939.02	15.49	0	3.9
939.58	16.08	0	3.8
940.13	15.21	0	4.2
941.25	15.44	2.6	4.1
941.81	15.54	0	4.4
942.36	16.64	5.2	3.5
942.92	14.11	0	3.4
944.04	16.52	0	4
944.6	14.8	1.9	4.5
945.15	17.16	0	3.1
945.71	17.35	0	2.5
946.83	16.63	0	0
947.38	16.91	0	0
947.94	15.95	0	0
948.78	17.2	0	0
949.89	18.27	3.7	5.1
950.45	15.24	0	0
951.01	16.69	0	0
951.57	15.66	0	0
952.68	16.48	0	0
953.24	17.48	0	0
953.8	17.77	0	0
954.35		0	0
955.47	18.26	0	0
956.03	18.26	0	0
956.58	19.77	0	0
957.14	19	0	0
957.42	20.01	0	0
957.98	19.2	0	0
958.26	19.7	0	1.9
958.54	19.22	0	1.8
958.81	17.64	0	0
959.09	20.24	0	2.5
959.37	20.27	0	0
959.65	18.12	0	0
960.21	19.69	0	0
960.76	18.45	0	4.5
961.32	18.38	0	2.25
961.88	16.43	0	4.3
962.29	19.92	0	0
963.11	19.91	3.9	8.1
963.51	15.85	8.5	11.9
963.92	16.09	6	9.8
964.33	15.51	10.5	15.1
965.15	13.01	8.8	19.1
965.55	13.84	14.2	24.3
965.96	11.8	7.4	18.4
966.37		7.9	23.2
967.19	14.55	6.3	15.7
967.6		0	12.4
968	15.63	3.6	11.9
968.41		0	12.6
968.82		0	9.2
969.22		0	8.4
969.63		0	9.5
970.04	17.52	0	7.3
970.45		0	5.7
971.26		3.4	4.9
971.67		0	5.1
972.08	18.21		
972.49		3.3	5.4
973.3		0	6.8
974.12	18.12		
976.16	18.98		
978.21	17.57	3.9	3.4
980.25	15.09	3.5	8.9
982.29	16.58	0	4.6
984.33	17.08	0	5
985.96	16.31	3.9	7.1
987.59	12.98	2.9	10.3
989.25	16.06	0	4.7
990.2	16.37	0	5.7
991.76	17.19	0	0
993.02	17	0	0
994.27	16.58	0	3
995.53	16.74	0	0
996.47	16.65	0	0
998.04	17.48	0	0
1001.18	17.94	0	5.3
1004.46	13.78	0	10.6
1006.76	17.6	0	6.3
1011.35	18.31	0	5.3
1013.65	13.65		
1018.25	17.23	0	0
1020.55	16.53	2.8	6
1022.85	13.8	3.6	9.3
1025.14	16.81	0	0
1034.57	18.79	0	5.5
1038.67	15.73	2.9	7.9
1042.14	17.36	0	5.1
1045.62	16.98	0	7.4
1048.88	17.73	0	5.8
1052.36	16.6	6.9	9.4
1059.31	13.44		
1062.57	14.46	0	5.3
1066.49	17.28	0	0
1070.18	19.33	0	3.2
1072.14	17.76	0	0
1073.88	18.28	0	0
1081.26	17.89	0	2.2
1085.61	18.72	0	0
1089.96	18.59	0	0
1094.31	17.7	0	3.1
1098.71	9.7	0	9.4
1103.46	15.26	5.7	27.9
1108.2	18.81	0	7.7
1112.95	17.58	5	6.9
1117.69	16.83	0	7.6
1122.44	16.07	0	4.1
1127.22	14.07		
1132.08	15.54	0	34.7
1136.95	11.27	8.8	16.9
1141.81	12.73	7.2	11.5
1146.68	16.32	5.3	14
1149.11	15.48		
1156.41	19.09	2.5	4.9
1161.27	19.48	0	0
1166.14	19.26	0	0
1171	19.2	0	0
1175.86	19.7	0	0
1180.73	19.64	0	0
1185.59	18.66	0	0
1190.46	17.94	0	0
1195.32	17.02	0	4.3
1199.79	16.02	0	2
1203.76	16.47		
1207.74	16.36	0	9
1211.71	16.81	3.7	7.7
1215.69	15.09	0	7.4
1219.66	14.53	0	9.5
1223.64	14.14	0	11.2
1227.61	14.32	10.1	20
1231.59	17.33	0	8.8
1231.98	18.88		
1234.57	18.49	0	0
1236.56	18.66	0	0
1238.54	18.23	0	0
1240.53	17.91	0	0
1244.51	15.48		
1247.09	11.1		
1248.66	13.66	0	0
1252.53	11.91	0	22.8
1256.6	14.56		
1260.86	12.47		
1265.12	16.22	0	17.9
1269.19	16.41	0	5
1273.45	17.71	0	2.8
1276.93	17.2	0	0
1277.32	17.4		
1280.61	17.06	0	2.4
1284.1	16.42	0	3.1
1287.78	15.85	0	7.8
1291.67	12.86	0	13.2
1296.28	10.7	9.2	21.2
1301.15	17.36	14.2	20.7
1305.76	17.36	0	3.9
1308.58	17.83		
1310.63	18.46	0	3.5
1315.24	19.5	0	0
1319.85	18.19	0	2.2
1324.72	18.48		
1329.33	17.72	0	0
1333.94	15.85	4.2	7.7
1339.08	14.35	6.3	21.8
1341.24	15.22	0	10.5
1341.7	14.37		
1344.94	16.64	0	9.5
1348.03	19.07	0	0
1351.11	18.92	0	0
1354.2	19.2	0	1.9
1357.29	20.28	0	0
1360.37	21.01		
1363.46	19.49	0	1.8
1365.31	19.23		
1366.54	19.22	0	2
1369.63	18.48	0	0
1372.89	16.36	0	5.8
1374.81	15.61	4.1	12.4
1378.06	17.68	7.6	13.3
1379.98	16.5	0	1.9
1383.82	17.71	0	3.8
1387.65	18.41	0	8.9
1389.95	15.88		
1391.49	18.66	0	0
1395.32	16.85		
1399.15	17.44	0	0
1402.99	18.1	0	3.4
1406.82	15.42	0	3.8
1410.66	17.62	0	11.7
1422.23	17.87	0	10.2
1422.85	17.5		
1428.42	19.84	0	0
1434.62	18.63	0	0
1440.82	20.16	0	0
1447.01	20.2	0	0
1453.21	13.7	0	0
1458.28	13.7	4	16.9
1462.41	16.04	0	20.3
1464.9	16.97		
1466.55	17.2		
1470.69	17.59	0	11.2
1474.83	17.82	0	3
1478.97	20.45	0	2.7
1483.11	20.17	0	0
1487.24	20.17		
1489.31	19.93	0	0
1491.18	19.46		
1493.25	18.29	0	2.4
1497.26	15.35	0	29.6
1501.03	17.71		
1504.99	17.21	4.1	11
1508.76	16.72		
1511.02	16.04		
1512.53	16.14	3.9	6.5
1516.3	19.28	0	3.2
1520.07	21.16		
1523.84	19.6		
1531.38	15.87	0	13.7
1533.45		0	8.3
1535.33	16.71		
1539.1	16.28	0	14.6
1539.48	15.46		
1542.67	16.27	0	8.8
1544.43	15.84		
1546.18	17.38	0	6.6
1549.51	17.53	0	2.9
1552.85	18.27	0	3.8
1554.6	18.31	5.2	7.1
1556.18	16.94	5.3	5.6
1557.76	17.91	0	0
1559.51	18.27		
1562.84	18.63	0	0
1564.42	19.64	0	0
1564.77	18.11		
1566	19.09	0	0
1567.76	18.64	0	0
1569.51	19.42	0	0
1571.09	18.9	0	0
1571.26	18.97	0	2.3
1573.02	18.74	3.3	7.7
1574.77	18.26	0	4.3
1576.34	18.66	2.6	4.1
1578.6	18.85	0	3.5
1580.86	19.26		
1583.12	18.41	0	0
1585.38	19.14	0	4.2
1587.64	16.53	0	3.8
1588.77	17.44	0	2.8
1589.9	18.2		
1592.16	18.7	0	0
1593.29	18.86	0	3.2
1594.42	19.77	0	2.3
1595.55	18.99	0	0
1596.69	19.13	1.8	0
1598.95	19.18	0	2.2
1601.21		0	5
1602.56	19.64		
1604.6	18.57		
1605.73	17.06		
1608.67	16.91	0	3.5
1610.36	17.23	0	0
1610.7	18.46		
1611.94	18.12	0	2.7
1613.64	18.32		
1616.92	18.35		
1620.2	17.42	0	7.9
1623.25	18.23	0	7
1625.73	15.99	0	0
1628.16	18.77	0	14.4
1631.5	18.67	0	12.6
1633.67	18.5		
1635	21.26		
1638.34	21.09		
1641.85	19.83		
1645.19	20.22		
1648.69	20	0	6.4
1653.7	18.57		
1660.84	17.33		
1666.15	16.9	0	11.3
1666.63	14.5		
1671.45	18.52	0	0
1676.76	15.41		
1682.06	16.47	0	3.9
1687.36	17.98		
1692.67	19.61	0	3.8
1697.97	17.78	0	12.1
1703.28	17.71		
1706.35	18.42		
1707.65	17.41		
1710.51	18.72	0	0
1713.37	19.6	0	0
1715.71	19.68	0	0
1718.31	20.09		
1720.64	18.77		
1723.24	18.13	0	0
1731.3	17.21	0	0
1732.34	17.09		
1740.13	17.68	0	3.1
1746.11	16.62	0	10.2
1751.12	17	0	14
1755.88	16.75	0	9
1760.42	17.52	0	8.2
1765.86	17.8	0	0
1770.63	16.74	0	0
1773.35	19.71		
1774.94	19.72	2	4
1777.21	18.33	0	0
1779.48	19.39	0	1.9
1781.75	17.91	0	0
1784.7	18.74	0	2.2
1789.24	18.09	0	3.2
1791.96	14.63		
1793.77	15.39	7.2	6.3
1797.87	17.09	2.5	10
1801.94	17.63	0	3.7
1806.02	18.23		
1810.09	18.16	0	3.3
1814.17	19.55	0	0
1818.24	18.51	0	0
1822.31	18.53	0	0
1822.72	18.9		
1826.39	18.7	0	2.4
1830.46	17.91	0	0
1834.54	19.37	0	1.8
1838.61	20.05	0	0
1842.69	20.4	0	0
1846.76	19.23	0	0
1850.83	19.45	0	0
1853.28	18.6		
1854.91	18.4	0	0
1858.98	18.18	0	0
1865.69	17.23	0	2.8
1873.28	17.6	0	6.1
1880.87	17.02		
1886.19	17.22	0	0
1888.47	17.63	0	4.9
1890.36	18.1	0	5.5
1894.54	18.18	0	4.4
1898.71	17.12	0	4.8
1903.23	15.78		
1905.18	17.08	0	9
1911.3	17.95	0	5.1
1917.42	19.05	0	0
1923.54	18.8	0	0
1929.66	18.93	0	0
1935.78	20.42	0	0
1941.34	18.18	0	2.3
1947.19	17.58	0	4.6
1953.15	16.57	0	3.7
1958.85	17.28	0	8.3
1964.83	17.1	0	3.5
1970.81	19	1.7	6.1
1976.51	21.68		
1982.49	20.42	0	0
1988.47	19.51	0	0
1994.17	15.66	0	0
2000.15	15.55	0	9.3
2005.39	17.48	0	4
2009.12	15.77	0	3.5
2013.03	17.36	0	5.7
2016.94	18.67	0	0
2021.23	18.31	3.6	9.5
2023.46	23.2	0	5.5
2025.32	20.61	0	0
2025.7	19.02		
2027.19	22.72	0	0
2029.05	21.45	0	0
2030.91	19.89	0	0
2034.64	17.41	0	0
2038.36	21.15	0	0
2042.09	19.95	0	0
2045.81	17.83		
2048.71	18.86	0	2.3
2051.57	18.97	0	0
2051.86	18.29		
2054.43	19.46	0	0
2057.29	19.5	0	0
2060.14	17.17	0	0
2063	17.7	0	0
2065.86	14.71	0	5.4
2068.71	17.18	0	6.2
2071.57	14.92		
2073.89	15.9		
2075.57	14.46	0	10.5
2079.76	14.88		
2083.96	15.42		
2088.15	16.76	0	13.4
2092.35	16.7	0	0
2096.54	14.62	0	0
2100.74	16.35	0	6.4
2104.94	16.04	0	2.3
2105.36	17.13		
2109.13	16.53	0	0
2113.33	17.5	0	0
2117.52	16.1		
2121.72	16.17	0	3.6
2125.91	18.54	0	2.9
2130.11	19	0	0
2131.58	17.9		
2133.89	20.02		
2135.77	18.56		
2140.6	16.91	0	4
2144.79	15.71	0	12.9
2148.57	15.72		
2152.65	15.33	1.3	13.4
2157.57	14.78	0	19.1
2162.24	15.95	0	10.3
2167.16	18.37	0	0
2171.84	19.79	0	1.5
2176.76	19.87	0	1.8
2181.43	18.21	0	0
2186.35	18.31	0	1.2
2191.02	17.32	0	0
2195.94	15.62	0	11
2200.43	17.79	0	5.5
2202.5	17.92	0	0
2203.89	18.32	0	4
2207.17	17.67		
2210.63	19.38	0	2.4
2214.08	18.16	0	0
2217.36	18.38	0	4.8
2220.82	19.91	0	2.2
2224.1	20.21	0	1.9
2227.56	21.07	0	2.4
2227.9	19.39		
2232.22	18.08	0	0
2233.95	18.06	0	4.7
2235.68	17.18	0	7.6
2237.41		0	9.7
2239.14	16.1		
2240.88	16.79		
2242.65	18.3		
2244.41	16.98		
2246.53	17.87		
2247.94	16.75	0	8.2
2251.47	17.45	0	2
2255	20.88	0	0
2256.76	20.44		
2260.29	19.99		
2263.82	20.27		
2267.35	19.07		
2272.65	17.12	0	2.3
2273	18.49		
2279.71	15.92		
2285.99	16.65	0	7.8
2288.33	18.32	0	6.1
2293.02	20.71	0	3.4
2295.37	18.84	0	2
2300.06	17.66	0	2.6
2304.75	18.52		
2305.22	19.01		
2309.44	20.79	0	0
2314.14	17.62	0	0
2318.83	18.68	0	2.2
2322.3	18.44	0	3
2325.37	17.96	0	4.7
2328.43	16.37	5.8	9.5
2331.5	18.24	0	5.6
2333.34	20.76		
2334.57	20.53	0	2.7
2337.63	19.35	0	2
2340.7	19.58	0	0
2343.77	18.71		
2345.3	18.14	0	0
2346.83		0	5.3
2354.35	18.76		
2355.73	18.07	0	11.9
2356.04	17.27		
2358.87	17.52	0	6.6
2363.49	18.46	0	2.4
2367.85	20.38		
2372.47	20.36		
2376.83	18.68		
2381.45	19.23	0	0
2388.26	19.82	0	2.6
2388.8	18.98		
2392.61	20.13	0	2.8
2397.24	20.13	0	1.8
2407.21	20.83		
2410.58	20.26	0	0
2413.96	20.71	0	0
2417.14	19.6	0	0
2417.54	21.68		
2418.73		0	5.8
2420.52	20.75		
2424.69	18.65	0	7.3
2428.66	17.57		
2432.24	15.78	0	11.1
2435.62	15.87		
2439.73	17	0	8.8
2443.68	17.95	0	7.4
2446.23	15.9		
2448.55	17.19	0	8.1
2453.19	18.59	0	0
2455.51	17.72	0	4.6
2457.83	17.82	0	0
2460.15	21.4	0	0
2464.79	21.83	0	0
2469.44	19.79		
2469.9	23.09		
2474.08	18.63	0	0
2478.72	19.035		
2483.36	17.01		
2488	17.68		
2491.47	19.14		
2494.94	17.15		
2498.41	18.31	0	0
2500.49	19.63		
2501.88	21.01		
2505.35	19.04	0	0
2508.82	19.07	0	2.5
2512.29	16.21	0	9.8
2515.76	16.55	0	15.4
2519.22	12.96		
2522.81	14.76		
2526.84	15.48		
2527.25	16.53		
2530.88	17.76	0	9.3
2534.92	18.08	0	0
2538.95	18.9	0	0
2542.99	19.11	0	0
2547.03	19.74	0	0
2551.06	19.08	0	0
2555.1	17.73		
2557.52	19.99		
2559.14	19.27	0	0
2563.17	19.08	0	0
2567.22	18.02		
2571.29	19.39	0	0
2575.37	22.59		
2577.4	18.65	0	0
2579.44	20.28	0	0
2581.47	22.52	0	0
2584.93	19.22	0	0
2585.14	20.25		
2589.21	20.2	0	0
2593.89	19.11	0	3.9
2598.57	17.25	0	10.9
2604.07	17.39		
2607.12	16.64		
2609.91	17.48	0	5.3
2616.27	19.48	0	0
2619.31	20.25	0	0
2621.6	19.74	0	0
2621.86	19.61	0	0
2624.4	19.59	0	0
2632.02	19.36	0	0
2637.1	19.49	0	0
2642.19	19.97	0	0
2644.73	19.78	0	0
2647.13	18.21	0	0
2649.84	19.13		
2651.65	18.58	0	0
2656.16	20.75	0	0
2658.42	19.66	0	0
2660.68	20.17	0	4.7
2662.94	17.91		
2665.19	21.13		
2667.45	19.8	0	0
2669.71	20.3	0	2.8
2671.97	20.18	0	0
2674.23	20	0	0
2676.48	22.91	0	0
2678.74	21.02	0	0
2681	22.31	0	0
2683.26	18.66	0	2.1
2683.71	19.87		
2685.52	17.88	0	0
2687.77	17.74	0	0
2689.43	17.89	0	6.2
2691.02	18.18	0	0
2692.61	18.47	0	0
2694.2	18.22		
2695.8	17.99	0	3.2
2697.39	18.09	0	0
2698.98	18.36	0	0
2700.57	19.08	0	2.9
2702.16	18.23	0	3.1
2703.75	17.58	0	3.9
2705.34	18.5	0	4.2
2706.93	17.71	0	4.5
2708.52	17.9	0	4.2
2708.84	17.83		
2710.11	18.11	0	3.5
2711.7	15.05	0	9
2713.3	16.79	0	5.1
2714.89	17.26		
2716.73	17.03		
2719.17	16.7	0	0
2721.61	17.62	0	5
2724.05	17.26	0	4.9
2726.49	18.05	0	4.7
2728.93	18.16	0	5.3
2731.37	19.36	0	4.1
2733.8	19.82	0	2.1
2736.24	18.23	0	2
2738.68	19.45	0	0
2741.12	20.61	0	0
2741.61	21.51		
2743.56	19.7	0	0
2746	20.22	0	1.9
2748.44	19.65	0	0
2750.88	21.37		
2753.32	21.17	0	1.4
2755.76	21.25	0	0
2758.2	19.86	0	0
2760.63	21.12	0	0
2763.07	20.93	0	0
2765.51	20.02	0	0
2767.95	18.6		
2770.39	18.22		
2772.83	19.42	0	0
2775.27	20.16	0	0
2777.71	21.66	0	0
2778.2	21.88		
2780.15	19.73	0	0
2785.02	22.36	0	0
2787.46	20.58	0	0
2789.9	22.4	0	0
2791.85	19.69		
2794.78	17.25		
2798.93	17.95		
2804.05	18		
2809.05	18.29		
2813.89	18.32	0	0
2818.98	21.61		
2823.82	21.79	0	0
2828.65	21.37	0	0
2829.16	20.48		
2833.75	20.22		
2838.58	18.25		
2843.67	18.36	0	3
2848.44	17.86	0	0
2852.89	17.88	0	0
2857.11	16.71	0	0
2861.33	19.27		
2864	21.32		
2865.78	17.92	0	0
2870	17.6	0	0
2874.44	18.53	0	0
2878.67	17.22	0	0
2882.89	17.96		
2887.34	18.4	0	0
2891.59	18.9		
2896.06	20.13	0	0
2896.5	20.6		
2900.75	20.81	0	0
2905.44	20.82		
2910.13	19.54		
2914.83	16.73		
2918.4	17.53	0	2.4
2918.85	18.12		
2920.64	18.32	0	3.5
2922.87	18.76	0	3.3
2927.28	17.24		
2931.54	17.52		
2935.8	18.3	0	0
2940.07	17.78	0	0
2944.33	19.25	0	0
2948.59	20.44		
2951.15	21.1		
2952.85	22.81	0	0
2957.11	21.39	0	0
2961.38	21.56	0	0
2965.64	22.67	0	0
2974.16	20.42	0	0
2976.28		0	1.6
2978.4	19.44	0	2.9
2982.4	19.5	0	0
2982.8	20.02		
2986.4	19.82	0	0
2990.4	18.9	0	0
2994.4	18.66	0	0
2996.4	19.18		
2998.4	19.72	0	0
3000.4	19.61	0	2.9
3004.2	20.59	0	2.5
3006.4	19.84	0	2.5
3013.6	18.66		
3017.6	18.18		
3021.06	18.02	0	2.4
3025.75	17.72		
3026.15	19.96		
3030.64	19.83	0	0
3035.32	20.21	0	2
3039.61	19.59	0	0
3041.85	20.74	0	1.8
3044.09	21.19	0	0
3048.57	19.42	0	0
3055.06	20.1	0	0
3063.16	18.85	0	0
3065.44	20.7		
3067.22	19.25	0	0
3068.99	21.39	0	0
3071.01		0	0
3074.81	22.05		
3078.86	21.48	0	0
3082.66	21.78	0	0
3086.46	21.59	0	0
3090.63	20.95	0	0
3095.32	21.24	0	0
3095.63	22.27		
3100.01	21.04	0	0
3105.02	20.48	0	0
3109.71	21.28	0	0
3114.41	20.72	0	0
3119.41	20.6		
3124.11	20.29	0	0
3128.8	19.04	0	0
3131.93	20.04		
3133.81	18.38	0	0
3137.96	18.47		
3142.09	18.44	0	0
3146.43	21.47	0	0
3148.61		0	0
3150.57	22.47		
3153.39	22.13		
3155.57	22.34	0	0
3157.74	23.32	0	0
3159.91	21.48	0	0
3164.26	21.11	0	0
3168.61	20.87	0	0
3172.96	21.47	0	0
3177.58	21.2	0	0
3178.11	21.86		
3182.86	21.01	0	0
3188.13	21.7	0	0
3193.41	21.28	0	0
3198.68	21.57	0	0
3203.96	21.69	0	0
3209.23	21.65	0	0
3214.51	20.16	0	0
3217.67	20.37		
3219.78	21.49	0	0
3225.05	19.02	0	0
3230.33	20.16	0	0
3240.88	21.41	0	0
3246.15	20.37	0	0
3251.43	20.4	0	0
3254.07	19.19	0	0
3257.23	20.95		
3259.34	20.69	0	0
3264.62	19.56	0	0
3269.89	19.93	0	0
3275.16	20.6	0	0
3280.44	21.63	0	0
3285.71	19.15	0	2.2
3288.09	17.29	0	2.6
3290.99	16.84		
3293.89	17.07		
3298.62	18.02	0	0
3303.06	17.71	0	3.7
3307.5	17.19	0	5
3309.72	17.88	0	2
3312.35	19.01		
3314.17	20.88	0	0
3318.61	20.02	0	0
3323.05	19.56	0	1.7
3327.49	19.61	0	0
3335.36	20.98		
3339.19	20.99	0	0
3342.47	18.65	0	0
3347.42	19.8		
3350.72	20.75	0	0
3359.38	22.17	0	0
3369.28	17.64	0	0
3375.46	19.19	0	0
3382.16	19.26	0	0
3387.55	19.67	0	0
3394.46	18.91	0	0
3397.27	19.89		
3398.99	18.13		
3403.74	17.77		
3408.06	18.85	0	0
3411.94	19.19		
3412.16	18.32	0	0
3413.45	17.84	0	0
3416.26	21.4		
3416.48	18.29	0	0
3417.77	19.72		
3420.58	19.84	0	0
3421.87	19.76		
3424.89	18.805	0	0
3429.64	20.01		
3433.53	20.3		
3437.84	18.98		
3444.75	20.34		
3449.07	19.58		
3453.38	20.32		
3457.7	20.34		
3462.02	20.05		
3466.33	20.22		
3470.65	20.89		
3474.97	20.83		
